9604,367
8359,6880
8359,6883
8570,23405
8570,57510
8570,29102
8570,207
8570,9757
8570,6895
8570,54487
2272,1499
2272,51176
22916,3838
22916,3837
22916,4686
3308,4790
3308,5970
3308,5966
3308,4792
25920,5432
3312,10273
7936,5432
567,2217
567,3133
567,3077
567,912
567,7037
567,3140
3977,5008
3977,3976
3977,1270
11235,10494
11235,8428
11235,83605
183,5972
445,57407
5074,7431
4686,8106
4686,1977
4686,5976
4686,26986
10432,26053
8367,8352
8367,8805
8367,23476
8367,4171
8367,3276
8367,7158
8367,25842
8367,79829
8367,10419
8367,1058
8367,10785
8367,333932
8367,1616
8367,3020
8367,5931
8367,8520
8367,2271
8367,1387
8367,8290
27185,81565
27185,10989
8536,805
8536,5777
5290,1739
5290,1439
5290,5296
5290,5295
5291,4683
5291,5295
5621,23405
5621,27327
5621,26523
5621,27161
814,805
5294,5579
5294,8678
9230,332
9230,7813
9517,171546
9517,10558
9517,165679
55304,171546
55304,10558
55304,165679
10558,94103
10558,171546
10558,165679
10558,19
22992,5970
868,84433
868,1956
868,30011
868,7322
868,7182
7469,5432
6949,4683
4928,8480
7508,1643
7508,2965
7508,2071
6667,2959
6667,30009
6667,2274
6667,1029
6667,7157
6667,4613
6667,6879
6667,7528
6667,3065
7507,2067
7507,8924
7507,5591
7507,8061
7507,6117
7507,6118
84265,10621
84265,10623
155,6455
155,6456
155,6457
84456,1876
84456,1874
84456,1871
84456,1870
84456,1869
5289,22863
5289,51100
5289,921
5289,8678
5289,7405
22878,27095
5639,10413
55317,91056
55317,55745
58485,27095
4149,4609
4149,8242
4149,8464
4149,8295
4149,4601
4149,63978
4149,27097
4149,4613
4149,2648
4149,6880
27095,60684
27095,7109
27095,80006
27095,51112
27095,790
27095,79090
27095,122553
27095,2194
27095,51399
578,9927
578,598
578,637
578,4170
578,55669
1487,5932
1487,672
1488,5932
84878,51341
7251,9146
3705,1387
3705,23411
3672,3688
3673,3688
3673,2274
3675,2274
3676,5829
3676,10006
3676,960
3678,3688
3678,8829
3679,2274
80153,55802
2975,2976
23644,192669
23644,55802
23096,55971
335,3931
7514,57379
7514,23405
7514,7157
7514,9219
7514,51068
7514,675
7514,7153
7514,26523
7514,1660
7514,2146
7514,27161
7514,1052
7514,5888
7514,10073
26036,4173
26036,7329
2596,805
7276,351
571,672
6708,6710
7272,83540
7272,10403
7272,147841
7272,57405
9402,3937
7273,8557
7273,23363
7273,84033
3269,6455
3269,6456
3269,6457
8844,5894
22808,5894
64216,5442
8028,84444
8028,1499
8028,6925
1271,1270
51574,10614
51574,9188
51574,6917
51574,23476
51574,1025
29882,26271
29882,996
29882,29945
29882,27338
51433,29945
29945,701
29945,51343
29945,26271
29945,8697
29945,996
29945,25847
29945,8881
29945,991
29945,51434
29945,64682
29945,4085
29945,246184
29945,51529
29945,10393
29945,119504
29945,25906
3687,3689
6195,1027
6195,4084
6196,6850
6197,3356
6197,5337
9252,55818
317762,10413
5716,55662
7150,4824
5718,7189
3683,3383
8431,2494
8431,2874
8431,3065
8431,8841
23705,56253
959,958
27244,84219
83667,54468
83667,84219
143686,84219
4043,6272
4043,7804
4043,7436
4090,29102
4090,1655
4091,494470
4092,64750
4092,494470
4092,23327
4092,57154
4092,10413
4086,29102
4086,58190
4086,10106
4086,10217
4086,64750
4086,1655
4087,64750
4087,1147
4087,10217
4087,58190
4088,29102
4088,1147
4088,23327
4088,1655
80198,146956
2305,7153
4528,4793
9894,26268
9894,57521
9894,253260
54468,84219
10042,84661
3482,3481
8888,55795
57162,3654
57162,51135
246330,3654
57161,3654
375,9266
375,26259
1163,1017
1163,1018
1163,983
1163,595
381,8766
381,9727
381,84440
378,9727
378,117177
6678,1281
51185,1642
51185,1452
51185,10320
51185,8451
51185,22806
9048,2676
11255,6455
11255,6456
5558,6118
6917,5430
6917,5432
6917,11338
6917,1025
6917,10614
6917,904
6917,6908
3563,3562
5573,57379
5573,5139
5573,10565
5573,5566
5573,10564
56681,22926
6389,54949
6732,5936
8996,7157
9727,8766
9727,117177
9727,5298
9727,382
22841,8766
9859,55755
9859,284403
84440,8766
84440,382
123169,79577
30827,84661
6696,836
6696,841
8318,4175
8318,4171
8318,26013
8318,84296
998,81565
998,7454
998,392
998,9826
998,4068
998,11153
998,57580
998,10458
998,8826
998,5058
998,8874
998,50649
64135,57506
64135,54941
64135,9474
64135,79132
64135,9641
64135,9140
1660,23028
1660,27161
3146,7157
3146,3553
79443,81631
79443,3799
79443,64837
10036,3020
10036,8352
10036,333932
8208,25842
8208,55723
8208,8352
4102,10059
440068,834
2079,29074
2079,5303
2079,6634
274,775
7343,860
7343,7088
7343,5925
1785,654364
1785,4830
6249,51807
6249,10381
6249,22924
6249,81027
6249,7846
6249,7278
6249,203068
6249,22919
6249,1639
9353,6091
4583,10551
81608,79577
55143,332
55143,3619
55143,9212
4582,3091
4582,2033
960,6401
960,928
961,6418
958,7186
958,7187
23011,27342
8115,3726
8115,3725
8115,2033
8115,2353
9470,5936
9470,2034
6907,2874
6907,9612
1894,10733
1894,29127
1894,999
1894,9493
1894,1495
3075,718
8087,80254
811,3133
811,6513
811,2244
629,718
9521,4141
5411,10921
5411,10284
51542,55275
51542,6293
51542,738
3109,3108
2130,2033
2130,10524
79084,5432
79084,9757
79084,10419
3108,3111
3108,3112
1948,2043
81858,10616
81858,55072
81858,1147
81858,7124
81858,3551
81858,8517
5523,85407
1728,7157
55845,5879
55845,8936
10594,27044
10594,23020
10594,81605
23568,403
23568,402
24148,6595
79109,207
9271,27044
9271,11022
5617,5618
5617,649
9575,4297
6495,2139
9734,50943
51266,10630
5971,6597
5971,10013
5971,8237
5971,23633
5971,3838
5971,5970
5971,86
5971,4790
5971,4791
5971,5977
5971,6598
5971,6601
5970,80854
5970,64324
5970,4794
5970,5966
5970,1495
5970,1397
5970,1499
5970,79155
5970,5321
5970,3164
5970,51588
5970,26993
5970,10788
5970,4790
5970,4791
5970,1147
5970,4792
5970,1326
5970,4793
5970,4221
3181,3609
3181,23435
3181,3191
3181,23210
51253,6182
51253,28973
84661,23314
84661,58499
84661,9070
84661,6594
84661,2186
84661,11091
84661,10270
84661,23054
84661,9219
84661,9757
84661,3054
84661,5929
84661,5928
84661,124944
84661,8467
60561,51594
60561,9183
60561,9276
60561,53407
60561,7405
55743,142
5873,79083
5874,857
9675,26268
9675,57521
9675,253260
351,43
351,348
351,54103
351,2
351,4804
351,5663
351,27242
387836,100431172
2002,7341
2005,6722
2005,51547
4552,4548
57506,79671
57506,23586
57506,7187
57506,7189
57506,11091
57506,54941
57506,9474
57506,114548
57506,708
57506,340061
57506,9140
5058,3182
5058,1155
5058,8655
5058,3646
5058,2316
5058,5879
5058,5093
5058,6427
5058,6130
5058,6430
5058,6157
5058,5236
9400,5430
9400,5432
9400,5431
9400,5438
9400,5888
9400,5111
9400,5434
9400,5433
9400,5436
9401,5888
10920,9318
10920,8533
10920,51138
10920,10987
10920,2873
10920,10980
10920,50813
27086,93986
3587,3586
3588,3586
3588,50616
9318,8533
9318,10980
9318,10987
8533,51138
8533,10987
8533,2873
8533,64708
8533,10980
8533,50813
10657,6595
10657,324
51138,54461
51138,10980
51138,10987
10987,2873
10987,64708
10987,10980
10987,50813
10987,3437
5469,9282
5469,51586
5469,9440
5469,81857
5469,9862
5469,9439
5469,9441
5469,2623
5469,1024
5469,892
5469,6721
5469,6720
5469,10025
5469,23476
5469,7157
5469,9968
5469,9969
10001,6721
10001,6720
10001,8454
24145,836
24145,840
65018,9927
65018,10131
90459,7884
2520,887
4613,3065
4613,10524
7813,8766
57507,1822
57507,26053
79834,1398
79834,9564
8677,738
4084,6198
4084,207
7145,10395
25801,6717
6925,84444
6925,3399
6925,1499
6925,3398
3479,3486
3479,3484
3479,3480
3479,3488
3479,3487
2641,3416
2641,2696
1738,8050
196528,6597
196528,55636
3486,3481
3484,3481
3487,4040
154810,10413
22861,64127
22861,598
22861,5610
22861,596
22861,834
9627,6622
5536,3356
5536,1407
5536,3326
5536,1408
4208,28996
5216,60
4205,7341
4205,7329
4205,6613
51259,84314
685,1956
7158,2908
7158,7341
7158,23054
7158,5347
7158,7157
55818,6772
695,51206
10063,6341
10063,131474
10063,9997
10204,5901
5159,3554
5159,6776
5159,5155
5159,56034
5159,5921
5159,5295
5159,5335
5159,2885
5159,3791
5159,4040
5156,5154
5156,5155
5156,56034
8971,165918
5562,10398
5562,10413
5562,8408
55366,84133
149461,10686
149461,51208
22870,4794
5576,857
5576,11214
5576,4133
5576,9495
5577,5566
374,1956
23636,55832
23636,10565
23636,5518
23636,5519
23636,4691
23636,64151
2122,2354
2122,3726
2122,2355
2122,3725
2122,7528
2122,2353
3674,2316
3674,3690
6627,57461
6627,10946
6627,56949
8717,7132
8717,8772
8717,8737
8717,7186
8717,7124
26259,23363
26259,908
26259,10693
26259,83987
26259,9319
26259,6500
26259,10576
26259,7203
26259,10574
26259,9820
26259,8454
26259,7411
26259,5204
26259,9141
26259,8453
80762,4891
10519,4217
26190,6500
6468,6500
54461,9978
54461,2873
54461,2059
54461,1642
54461,6500
54461,8454
10617,57132
10617,5119
10617,100526767
55294,4851
55294,4791
55294,6500
2108,2109
7048,7046
7048,7043
7048,7040
7048,116844
7048,7049
7048,94
7046,2280
7046,7042
7046,7043
7046,116844
7046,2022
7046,7040
4908,627
4908,4916
344558,6478
57630,6478
23244,8243
100134934,80169
55120,29089
2976,2475
2976,9328
2976,57521
2615,7040
9927,55669
6950,166379
6950,55212
6950,8195
6950,2629
57461,9716
57461,23450
2151,2149
2150,2152
56949,9716
4234,10785
4085,701
4085,991
4085,9184
4085,996
4085,8379
9328,2475
3895,9641
7001,6774
7001,7295
5052,23028
5052,140809
25943,403
4603,1387
9572,9611
9572,23077
9572,10075
9572,8841
6595,7015
6597,55193
6597,8289
6597,55636
6597,1499
6597,7153
6597,5245
6597,6605
6597,6598
6597,7015
8467,2186
8313,1499
8313,5347
8312,1499
8312,1856
8312,153090
8312,2932
8312,408
8312,4040
54962,4176
54962,4175
54962,8914
5447,54205
1861,26092
7535,867
7535,919
27348,26092
92335,51719
92335,6794
988,5499
114990,5663
114990,23385
5881,6256
5879,10787
5879,7132
5879,8936
5879,10163
5879,79626
5879,7204
5879,11153
5879,57580
5879,5910
5879,5330
5879,10152
5879,8874
5879,23191
7414,1495
7414,125950
7414,81565
9696,22995
7415,5660
7415,8451
7415,10277
7415,8453
7415,26013
7415,55968
7415,26043
7415,267
7415,11124
7415,23197
10815,6616
160,23028
6498,494470
9265,3643
9265,3667
9266,3643
9266,3667
9266,4615
10914,53981
10914,51692
10914,8189
6683,51062
54888,81605
387338,332
3796,23028
9662,22995
9662,10733
7283,27229
7283,55755
7283,284403
594,593
55827,1642
8816,1642
7456,7454
7456,4690
5727,891
3916,28956
1152,140462
79792,837
10621,10622
10621,661
10621,10623
10622,661
10622,10623
147495,4041
147495,89780
2873,10980
2874,9612
2874,3065
2874,8841
805,817
805,6331
805,7137
805,2042
805,493
805,3781
805,88
805,3784
805,6598
805,775
805,818
805,815
805,816
805,4155
775,9478
775,784
775,783
775,782
7068,5295
7068,7157
1630,842
1630,9423
1630,59277
4161,112609
4161,56246
64852,53981
64852,1478
64852,51692
64852,8394
64852,8189
8065,54165
8065,55208
8065,2064
8065,865
9114,153129
9114,28956
80349,79577
9589,57721
9589,56339
8454,4794
8454,55832
8454,80204
8454,4738
8454,123879
8454,604
8454,6502
8454,9978
8454,899
8454,8945
8454,26043
8454,23291
8454,54165
8454,1027
8454,55208
8454,23177
8454,79791
8454,4793
8454,4792
8453,54165
8453,55208
8453,7428
8453,26043
8453,123879
8452,79728
8452,26043
8452,54165
8452,55208
8452,9978
8452,123879
201163,5571
201163,96459
10155,8805
10155,7341
10155,1107
10155,51592
8805,7157
8805,57332
8805,2316
8805,2099
8805,23468
8805,11335
8805,51592
8805,3065
8805,3066
7726,1052
64072,10083
10488,6874
1385,1387
10419,5430
10419,5432
10419,23064
10419,6607
10419,58160
10419,1788
8864,1453
10902,1871
23476,55814
23476,1108
23476,367
23476,1024
23476,79577
23476,904
23476,1025
23476,23210
8161,55135
8161,6607
29117,55636
29117,7157
121260,51296
121260,64127
8019,367
9739,9070
9739,23133
207,4137
207,2308
207,10189
207,5170
207,5515
207,117145
207,5585
207,1786
207,2475
207,890
207,409
207,23035
207,10273
207,2932
207,4193
207,8678
207,3708
5783,8878
5783,2060
10524,8607
10524,9212
10524,367
10524,2099
10524,2521
10524,8148
10524,50943
372,1814
11143,5347
2149,10544
2149,2147
7402,6641
7402,19
7402,5530
7402,6640
7402,5478
915,267
1439,3567
1439,3562
1439,1437
1438,1437
84100,582
55629,55802
55629,167227
2629,867
9846,2885
10573,3356
3091,2309
3091,79365
3091,405
3091,2101
3091,5685
3091,2203
3091,2033
3091,55662
3091,7428
3091,4851
3091,54583
3091,7494
3091,10413
4923,4922
3459,6772
3459,3458
393,6091
9919,4791
253260,2475
253260,26268
5496,6189
5496,6625
5496,4904
5496,6626
6432,9775
8493,860
6426,11338
6426,9775
9557,92815
9557,3018
9557,85236
9557,8337
9557,2547
9557,5591
9557,3020
9557,7520
9557,6119
9557,11198
9557,6118
9557,3014
9557,3015
9557,142
9557,10038
23,23028
55031,81605
64854,57599
8683,6434
65059,6455
65059,6456
65059,6457
58160,4691
58160,1207
5537,4794
6376,1524
11200,9025
11200,5347
1111,993
1111,545
1111,995
1111,994
5564,8408
10238,26053
10562,64127
10562,10392
5080,7341
5774,3643
5774,6300
5774,2060
5770,3643
5770,2060
22976,23054
22976,7157
5777,10725
64785,4175
64785,4171
5514,54386
5514,7014
780,1281
1978,1977
1978,27161
10616,8517
10616,7124
10616,55072
1979,1977
9531,8517
573,596
573,367
333932,8535
333932,4171
333932,25842
333932,57332
333932,23492
333932,23466
333932,1616
333932,84733
4643,867
4068,6504
4068,51744
4068,9459
4068,8874
4068,2534
6242,387
9150,5432
6194,29074
6194,1977
6194,6124
6194,6224
11093,2157
11093,7450
409,1909
409,5144
409,6714
409,7189
409,3643
409,3356
409,153
409,154
409,208
409,4868
408,1909
408,6714
408,7157
408,2740
408,5734
408,153
408,4193
7416,598
7416,596
51510,148362
79132,23586
5753,10457
5753,2064
10457,1956
735,731
5687,5685
5687,5713
2969,4791
2969,8841
5685,4792
7398,57599
1829,5663
1829,23385
9099,7314
6714,1909
6714,7052
6714,1499
6714,2099
6714,64866
6714,355
6714,5734
6714,890
6714,6868
6714,3320
6714,595
6714,6464
6714,57326
6714,6386
55165,10015
6722,2962
2072,9025
2072,2067
6717,6774
6717,10241
5563,10891
23450,4609
23450,91603
3958,10015
3958,64581
3958,2213
6624,4651
55197,5430
55197,58490
55197,79871
3921,3735
5610,9447
5610,58484
5610,8575
5610,1965
5610,114548
153,1815
919,3932
1277,2335
56262,80131
56262,23507
56262,55144
56262,84230
1460,1457
1460,1459
1460,26053
4952,57192
7112,7486
113130,996
113130,8243
5329,7297
5329,4067
5329,3716
5329,2268
5329,5328
5329,3055
4323,2264
4323,2263
389816,3778
2308,23411
2308,6789
1649,468
1649,10755
1649,10538
1649,283643
3685,3694
3685,3688
3685,3690
2332,57532
4015,30008
29028,2099
29028,8202
8546,11127
8546,288
8546,699
8546,701
23043,7186
23043,7189
23043,6885
23043,23118
23043,3551
9349,403
5999,1131
64422,9140
10533,23411
10533,7157
5997,10299
9474,55054
9474,9821
9474,23411
9474,23586
2138,3014
5034,2152
2140,3014
3263,81605
6598,6605
6598,55636
10203,10267
246184,8881
1050,10221
55135,11218
55135,3837
55135,6607
3556,7189
3556,7187
3556,3553
5500,5527
5501,5527
5501,5504
5501,10565
5501,10564
5499,2890
5499,5504
5499,5527
5499,10413
5499,23451
5499,5511
11345,8878
11345,5108
5165,1737
23189,55605
23189,10565
23558,10413
84868,634
5743,857
6726,6727
22827,8880
22827,8939
2203,2034
821,19
821,6513
1856,54101
1856,23411
8697,26271
8697,27338
55662,55075
55662,1032
55662,136319
55662,4659
55662,54851
55662,8658
55662,10116
55662,4790
55662,3611
55662,2553
55662,4792
3516,4851
3516,9794
3516,7157
1964,8661
1964,8663
4914,8878
4914,4804
4914,8408
4914,4803
4915,2908
4915,627
4915,1742
4916,3356
3326,2289
3326,9049
3326,367
3326,79657
3326,2288
3326,10728
3326,10963
4089,7026
1855,23411
10284,22985
10284,10921
83478,2316
940,941
940,942
10025,2623
10025,1024
10725,5335
81550,5430
23252,5728
2826,10850
2826,6387
9217,3638
9218,3638
219541,2623
197131,7320
51366,1052
3845,5894
3845,5147
655,659
652,659
650,657
650,92
650,56963
650,148738
650,285704
650,659
649,2688
649,8646
5515,5518
5515,85369
5515,30811
5515,85407
5515,1072
5515,55626
5515,57464
1982,1973
5516,85369
5516,57464
124590,10083
7014,4683
7014,472
7014,64858
7014,54386
7014,26277
7014,65057
7014,79648
7014,25913
7014,10111
8672,1977
899,9738
899,6500
2885,3815
2885,3667
2885,3716
2885,1956
2885,867
2885,6464
2885,1027
2885,27040
2885,2263
892,23097
892,2623
892,84246
892,1024
892,1018
10309,5111
10309,6118
902,367
902,2968
902,5914
1981,5936
1981,1977
1981,1973
1981,26986
6944,1871
11186,1616
5108,9851
5108,11337
5108,55755
5108,10615
5108,8481
5108,64770
5108,10464
5108,55722
5108,81631
6124,29074
6124,6125
6124,4214
6124,6224
6124,9020
6125,29074
83593,3265
83593,6788
83593,6789
2237,5111
2237,10785
29101,8189
83999,22943
57215,79095
57215,5705
57215,10471
57215,201255
7850,3552
3554,3654
1105,23028
1105,10919
5764,238
1107,152485
1107,7341
1107,6886
1107,51341
1108,152485
1108,6886
55636,6599
55636,55193
55636,6604
55636,6603
55636,6602
55636,6605
55636,6601
55636,142
57680,51341
55347,403
10487,5321
11198,92815
7013,54386
7013,65057
7013,26277
7013,472
10389,983
10389,1017
10389,7874
10389,1027
10389,1026
10389,9134
116379,50616
58985,50616
10024,2066
124995,6182
124995,28973
6182,5442
6182,55173
6182,23107
6182,28973
3566,3565
3566,3596
995,5528
995,5347
995,7529
994,7529
994,3265
994,7531
994,5894
993,7529
993,3265
993,891
993,7531
993,5894
123016,55212
123016,79140
123016,129880
10092,10094
10092,10109
10092,10096
10092,10097
10092,10093
10092,10095
10092,10552
10093,10109
10093,10095
10093,81873
10093,10552
5434,2959
5434,5432
5433,5432
123879,9040
5430,22803
5430,23405
5430,1022
5430,58490
5430,6829
5430,79871
5430,8812
5430,1025
5430,6607
5430,5432
5430,79577
5430,51755
5430,23064
1605,5663
1605,23385
5432,2959
5432,9440
5432,9442
5432,6829
5432,57508
5432,26173
5432,2963
5432,2071
5432,2965
5432,5437
5432,2962
5432,57117
5432,55174
5432,26512
5432,5431
5432,5439
5432,51497
5432,6830
5432,1665
5431,4824
387,1027
387,9826
3708,200186
3708,596
3708,8654
5437,55284
5437,4793
23243,4794
63978,51479
63978,57621
63978,55704
63978,6045
63978,863
63978,9139
64240,64241
5426,11073
55250,55140
1535,55312
1535,7132
6622,11315
116071,3725
54941,7325
54941,23586
9131,403
9131,738
26523,23112
26523,27327
26523,27161
23765,3605
27161,23405
27161,9219
27161,1956
27161,120892
27161,7153
27161,6895
27161,2146
27161,7247
27161,1656
27161,7257
27161,57690
27161,23112
27161,27327
27161,3065
27161,5925
79648,54386
23028,51317
23028,10919
23028,6774
23028,23186
23028,7157
23028,9276
23028,3065
23028,22803
23028,5585
23028,6886
23028,10592
23028,6428
23028,57062
23028,5579
23028,367
23028,6421
23028,8352
23028,28974
23028,5332
23028,4522
50964,4040
997,9978
25913,54386
25913,80169
25913,1200
25913,65057
382,23163
382,3643
1432,5801
1432,3164
889,83605
5602,3725
5602,3727
6662,860
9612,23013
9612,604
9612,10773
9612,2494
9612,5914
9612,7704
9612,2669
9612,8841
9611,8242
9611,9759
9611,5978
9611,604
9611,10773
9611,862
9611,7704
9611,6938
9611,5914
55278,283459
2207,170482
7010,285
8323,84133
4683,472
4683,9656
4683,10849
4683,5932
4683,50484
4683,25885
4683,84172
4790,4794
4790,5966
4790,3839
4790,1326
4790,79155
4790,9276
4790,1869
4790,10318
4790,7291
4790,1147
4790,4791
4790,8517
4790,4792
4790,4793
4790,4221
4791,2114
4791,4794
4791,2113
4791,5966
4791,1654
4791,1326
4791,6128
4791,9020
4791,8239
4791,1147
4791,79155
4791,2734
4791,3551
4791,8517
4791,4792
4791,4793
4791,4221
317,842
6477,7161
6478,55753
6478,26524
6478,4967
6478,9113
267,9709
267,7327
100,1803
3006,165918
29109,3265
29109,23224
100532731,4343
100532731,1911
100532731,57332
100532731,23492
100532731,8329
100532731,6045
6654,3265
6654,1956
5311,5310
10401,2100
10401,5241
10401,2099
8554,2100
8554,5241
8554,2099
5566,60489
5566,57379
5693,7189
79583,84314
4288,56992
4288,10951
90,92
84232,2475
84232,1457
51719,6794
3727,7003
3727,672
3727,4221
3727,8061
8329,6045
8329,8726
8329,3065
8329,27000
8329,2146
85235,2271
3012,8970
221613,5965
80010,641
80010,7156
80010,116028
116028,641
116028,7156
4153,5648
10018,581
28989,1104
28989,6418
28989,5925
27339,9025
3775,7341
3775,7329
4292,5395
348180,81605
348180,90353
90353,3304
90353,81605
10787,8936
10787,10163
10787,23191
286257,7520
286257,2547
11047,4843
11047,5886
11047,29978
25942,3065
25942,4204
7185,7186
7186,8764
7186,10010
7186,9020
7186,7133
7186,29110
7186,4217
7186,10454
7186,7124
7187,4055
7187,11091
7187,10010
7187,23586
7189,5701
7189,5702
7189,8408
7189,5713
7189,23118
7189,8878
7189,5709
7189,11091
7189,9861
7189,5719
7189,3784
7189,7334
7189,92610
7189,55626
7189,5707
2967,2966
2967,404672
2967,2068
2967,2071
2966,1161
2966,2068
2966,2071
2966,2073
2966,2965
2966,404672
2966,2968
2965,10661
2965,2068
2965,2071
2965,2073
2965,404672
2965,2968
2965,2960
404672,2968
404672,2071
404672,2068
2968,2068
2968,2071
9135,27342
79705,5347
79705,55755
120892,10273
23118,3654
23118,10454
23118,6885
10454,6885
2904,1742
6895,23405
2903,4035
2903,4842
2903,1742
1736,9188
27343,4595
468,3725
468,467
468,2353
468,8061
8314,171023
22926,200186
466,672
10095,10096
10095,10097
10095,10094
10095,10109
10095,81873
467,3725
6601,7015
6601,6605
54206,1956
6891,6890
6891,3133
4343,57332
4343,23492
4343,23466
4343,7703
4343,10642
4343,6045
4343,6015
701,9184
701,9587
701,162
701,996
701,991
701,10717
7341,59343
7341,29843
7341,3741
7341,7329
7341,7157
7341,5905
7341,4869
7341,4286
7341,10054
7341,5371
7341,3659
7341,3297
7341,5888
7341,672
6612,3741
6612,59343
6612,4869
6613,59343
6613,29843
6613,3741
6613,672
6613,7157
6613,50511
6613,5888
55269,4841
3572,3589
3572,7297
3572,5008
3572,3716
3572,3569
27304,81605
54815,152485
55536,4609
1739,3832
1739,5728
1739,5296
1739,5295
89884,9079
1742,4035
1742,23237
1742,9419
79577,1479
79577,58508
79577,9070
79577,9646
79577,8812
79577,1478
79577,54623
79577,8189
79577,4300
79577,10898
79577,53981
79577,29894
79577,904
79577,5929
79577,51755
79577,51692
79577,1025
64222,26092
7465,8349
7465,4863
57721,56339
4881,5663
4881,23385
3480,6464
3480,5295
3480,8503
818,7376
818,817
153129,526
153129,389541
153129,10670
153129,64121
153129,10325
153129,55004
153129,10542
153129,28956
815,817
816,817
114882,114879
6788,55233
6788,5894
6789,60485
1441,1440
1441,1437
7041,367
6373,1232
6373,2833
3627,1232
3627,2833
10563,643
6387,1233
9495,5530
9495,5578
147,1815
2962,2959
2962,367
2962,2963
10849,4793
10270,11091
10270,9070
10142,3784
10142,55755
83939,5936
8531,54801
3575,3574
23410,84532
23410,4704
23495,8741
23495,10673
23411,80854
23411,4297
23411,4846
23411,6839
23411,1457
23411,1499
23411,7157
23411,81631
23411,1857
7184,2064
25885,4793
84172,4793
9533,2316
9533,4793
51082,4793
10963,1080
4160,112609
4160,56246
51548,1058
5184,7874
2959,6908
2959,6880
2959,7528
10094,10109
10094,81873
10094,10552
943,944
3604,8744
100526767,27243
100526767,27183
3716,3454
3716,3560
3716,163702
7293,7292
6364,1235
6367,1233
6370,10803
6369,1232
10344,1232
23383,25836
205564,4824
84108,26053
26168,7376
1147,2289
1147,4794
1147,9020
1147,6790
1147,11140
1147,3320
1147,3551
1147,8517
1147,4793
1147,4792
1832,3856
1832,3852
1832,1058
1832,3875
1832,3853
5468,9070
5468,11091
5468,6256
5468,81
5468,23054
5468,5929
5465,6256
147111,89780
147111,7476
147111,2719
1452,10892
1452,84433
1452,8915
1452,3551
54165,8451
54165,8450
54165,9040
25803,367
55208,8451
55208,8450
55208,9040
6015,8242
6015,26053
3630,3643
3630,3416
929,3929
929,7097
6272,2896
6272,627
6272,4803
152485,9112
152485,9219
152485,5931
152485,57504
152485,5928
152485,57459
152485,3065
152485,3066
9070,58508
9070,9757
9070,4297
9070,8085
9070,7157
9070,367
9070,23067
9070,23054
9070,5929
79753,29102
5906,2889
5591,7520
5591,2547
5591,6117
5591,1058
5591,6118
5591,8352
5591,9139
91603,9716
8812,51755
8812,54623
8812,9646
10499,367
10499,2099
10499,2494
10499,6256
10499,5914
8202,1869
8202,10498
8648,2494
8648,5914
8648,9971
23054,58508
23054,9757
23054,7404
23054,7157
23054,11091
23054,7403
23054,5929
23054,60
8031,367
7025,2099
7026,2624
1643,1642
1643,8451
1643,9978
1643,1026
1642,50717
1642,8451
1642,8450
1642,26133
1642,1499
1642,79913
1642,9978
1642,23038
1642,196
1642,54617
1642,25853
1642,26094
55605,10565
9820,23363
1489,6879
4204,79718
4204,8841
4162,6401
3949,255738
3949,350
7258,367
3559,3558
3559,3560
3560,3558
3560,3600
3560,3561
118813,7879
3561,3600
3561,3558
3561,3718
3561,3574
8487,6625
8487,6607
60489,200316
60489,1051
79833,6633
79833,6632
79833,79760
79833,6628
79833,6635
79833,6636
79833,6637
79833,6634
4008,1058
55755,10615
55755,5116
55755,54535
55755,22995
55755,284403
55755,55722
55755,23177
55755,80254
4352,7066
8106,5976
8106,26986
2017,1500
83737,2066
83737,8626
83737,9683
83737,7161
83737,7157
29082,10015
29082,148362
128866,25930
128866,10015
128866,148362
92421,10015
92421,148362
92421,84936
92421,27183
581,3738
581,596
581,598
581,599
581,2932
581,637
581,4170
5335,2260
5335,355
5335,3192
5335,857
5335,6850
5335,2263
2078,367
2059,55971
2059,10458
10044,857
10044,9564
2696,2695
4100,10059
10521,55802
10521,51010
10521,1058
10521,56915
10521,29102
10521,167227
10521,7538
23097,1022
4654,5934
4654,6929
51755,54623
151,6455
151,6456
5218,896
5218,1026
4756,9423
4756,219699
4756,59277
10365,8850
10661,1387
10661,2033
5701,5887
2217,213
5704,5925
5706,23198
9656,3014
9656,221037
9656,9025
9656,51720
9656,5888
259197,374383
5978,8242
5978,10919
5978,23186
5978,8945
5978,23291
5978,6045
5978,3066
9322,27
10952,6746
10952,340061
9191,891
9191,983
8945,6790
8945,7157
8945,8650
8945,1499
8945,8915
8945,5347
8945,6500
8945,10733
8945,23177
27289,2909
27289,5364
4691,2091
4691,6929
4691,6741
4691,10565
6323,2257
5530,5534
5530,4772
5530,4773
5532,7942
5532,374403
3551,10892
3551,9020
3551,6790
3551,7157
3551,8915
3551,11140
3551,7128
3551,3320
3551,8517
3551,4793
3551,4792
8517,11140
8517,9020
8517,6790
8517,8915
8517,29110
8517,55072
8517,3320
8517,4793
8517,4792
9641,11140
9641,2289
9641,340061
9641,3320
64326,2115
340061,29110
340061,6746
340061,3433
340061,3434
340061,23586
5914,4780
5914,7337
5914,81
5914,6256
8668,8666
8669,27335
8669,51386
8669,10480
8669,8661
8669,8663
8669,3646
8669,8665
8669,8667
27335,51386
27335,10480
27335,8661
27335,8662
27335,8663
27335,8664
27335,3646
27335,8665
27335,8667
51386,10480
51386,8661
51386,8662
51386,8663
51386,8664
51386,3646
51386,8665
51386,8667
10480,8661
10480,8662
10480,8663
10480,8664
10480,3646
10480,8665
10480,8667
8661,8663
8661,8664
8661,3646
8661,8665
8661,10209
8661,8667
8662,3646
8662,8665
8662,8666
8662,8667
8663,3646
8663,8665
8663,10209
8663,8667
8663,8664
8664,3646
8664,8665
8664,8667
3646,8665
3646,8667
8665,3356
8665,8667
66036,55613
8772,8743
8772,841
8772,7132
8772,356
8772,355
8772,8837
8195,166379
8195,55212
8195,10694
8195,10576
8195,7203
8195,10575
8195,22948
8195,79140
8195,583
8195,79738
1029,55602
1029,7157
1029,9112
1029,7319
1029,1019
1029,1021
1029,1869
1029,4193
1029,4869
3192,1058
3192,921
1032,1021
580,672
3123,3122
9031,3014
7175,9025
6615,5594
2335,7052
2335,5154
10728,836
10728,840
10728,3320
22873,2932
6850,6774
6850,4067
81873,10096
81873,10097
81873,10109
81873,10552
6347,729230
6347,1234
6347,1230
6348,1234
6348,643
6348,1232
6348,1230
6346,1237
6346,1230
6354,1230
6354,729230
6354,1232
6354,2833
6354,1234
6351,1234
6351,643
6351,1232
6351,1230
6352,1234
6352,643
6352,1230
6352,1232
6352,2833
6355,729230
6355,1234
6355,1230
23385,92737
23385,84898
51010,56829
23016,56829
56915,56829
2771,29899
9156,5932
9156,641
3841,57379
84126,51550
84126,50484
84126,545
1048,6401
3619,6790
3619,9212
2022,116844
2022,94
55312,7132
2034,5936
2034,1973
2034,405
64319,26053
9681,64121
9681,8131
9681,10641
9681,10670
55275,6293
55275,738
6293,738
738,9342
738,143187
738,4001
738,10228
738,7037
738,3801
738,8674
27433,26092
1387,4602
1387,30009
1387,8607
1387,4773
1387,7157
1387,406
1387,2624
1387,6721
1387,6720
1387,6659
1387,3661
1387,3663
26135,81605
472,7178
472,25
472,6118
472,3014
472,50484
472,4851
472,6240
472,5830
472,79791
23186,51317
23186,3065
23186,6886
545,51550
545,113510
55512,8726
55512,7124
83990,79728
83990,672
2324,7424
2321,7422
2321,5228
6502,11274
6502,4297
6502,9978
6502,6500
6500,26268
6500,4794
6500,80204
6500,604
6500,79791
6500,26224
6500,4793
6500,23219
6500,23291
6500,9412
6500,26273
6500,23177
6500,23403
6500,25793
6500,4792
1901,969
8837,1616
8837,841
3428,7157
84444,1499
84444,4300
55215,2177
55215,113510
3005,1017
3005,165918
3178,3842
3178,9775
28973,55173
28973,23107
28973,5925
3570,3569
55763,23286
55763,60412
55763,55770
4282,1956
57551,2011
90417,26471
246175,23019
246175,29883
246175,57690
60412,4534
3667,3643
3667,5295
983,7157
983,1022
983,1647
983,4616
983,890
983,10912
983,990
983,9113
983,595
983,1027
983,891
983,1033
983,898
1017,1026
1017,3978
1017,1022
1017,890
1017,9113
1017,595
1017,1027
1017,5111
1017,1033
1017,898
1018,1033
1019,1022
1019,11140
1019,2648
1019,3320
1019,595
1019,896
1019,1027
1019,1026
1019,894
1020,1022
1020,8851
1020,2058
1021,896
1021,5925
1021,595
1022,367
1022,6829
1024,9282
1024,51586
1024,9440
1024,81857
1024,9862
1024,9441
1024,9439
1024,1869
1024,1025
1024,6721
1024,6720
1024,904
1024,9968
1024,9969
1025,9188
1025,10614
1025,54623
1025,904
1025,6829
51479,5868
51479,9139
81847,8658
51421,10413
3934,81605
3934,4318
4436,2956
4436,4437
23451,9716
23451,84991
246,5037
3987,3611
4170,637
4170,596
4170,10075
4170,8239
473,26053
10552,10096
10552,10097
10552,10109
8807,3606
23179,3265
55054,9821
8464,4609
8464,2648
3329,4357
3329,2752
3329,3320
397,836
397,840
54431,80020
2058,3735
2058,7965
2058,10492
25842,3020
25842,8352
25842,7290
25842,4171
55723,3020
55723,8352
55723,4171
55723,7290
131118,332
5584,2735
5583,100506658
50846,64399
5579,8352
5579,367
5579,5585
5579,54101
5581,5587
5581,353376
5580,54101
5580,26191
8352,1616
8352,4172
8352,4171
8352,2547
8352,4869
8352,7520
8352,57332
8352,23492
8352,23466
8352,8535
8352,84733
8352,5931
8352,10765
8352,8520
8352,4678
8352,5928
8352,142
3998,90411
3039,51327
3039,1727
3039,4846
4000,4001
4000,10269
23478,26471
9188,22803
9188,10614
9188,51602
9188,2091
11218,6607
64221,4753
8204,2908
23513,4485
23513,4139
23513,9113
10055,10054
51465,6400
117177,8766
117177,582
117177,4218
30009,2625
30009,2033
80204,604
80204,9978
57703,9775
4055,7124
4055,4049
1326,79155
1326,5966
10746,64754
4215,5607
4215,7533
4215,81572
4215,7529
4215,7531
4215,11140
4215,3320
4215,5202
4215,83605
4215,10971
4214,2289
4214,11140
4214,3320
6885,28996
6885,11140
6885,2289
6885,3320
50855,3064
4217,192111
4217,5606
4217,7295
8021,11269
9869,10919
9869,23272
9869,6839
9869,54737
9869,79813
5657,9235
51631,23210
2064,2066
2064,1956
2064,3320
2064,2065
2065,4233
2065,1956
2065,5295
2065,3084
6464,3643
6464,5594
6464,1956
2066,705
2066,3084
51100,7405
6134,5663
4666,26471
2264,9965
2264,2247
2264,2246
2263,2261
2263,2247
2263,2252
2263,2251
2263,2248
2263,2246
2263,2254
2263,2255
2261,2247
2261,2252
2261,2250
2261,2249
2261,2246
2261,2253
80854,6881
80854,6774
80854,6879
80854,1786
80854,7157
2260,2247
2260,2250
2260,2246
2260,9965
2260,2253
2260,8074
2919,3579
2919,3577
2921,3579
2920,3579
6374,3579
6374,3577
4830,1759
4832,3356
4283,1232
4283,2833
2280,2475
146956,8438
2010,60
113510,2177
113510,6117
113510,5892
113510,5889
113510,5890
113510,7516
1616,3020
1616,4193
1616,355
1616,7157
6491,55835
8881,996
4299,4300
7074,85445
7074,6382
7074,6383
7074,9672
7074,6385
7074,56288
50484,4193
50484,10111
50484,7157
84674,8737
84674,8767
4130,3356
4131,81631
4131,9757
2353,3725
2353,6908
219699,9423
8633,9423
7318,9636
9140,23586
9776,11337
9776,8408
9776,84557
9776,440738
9776,81631
9776,55626
9738,890
9851,284403
92737,5663
7329,3741
7329,8607
7329,7157
7329,5905
7329,367
7329,2120
7329,5893
7329,5888
10847,51341
7157,2114
7157,7178
7157,7874
7157,6117
7157,6659
7157,266740
7157,672
7157,6880
7157,23210
7157,7319
7157,11091
7157,10848
7157,51447
7157,56950
7157,6878
7157,8841
7157,25898
7157,7965
7157,55159
7157,675
7157,8553
7157,29102
7157,5929
7157,7159
7157,4193
7157,4194
7157,7337
7157,58508
7157,8650
7157,598
7157,2033
7157,3320
7157,6241
7157,3066
7157,142
7334,6596
7334,7335
7334,257218
7334,55611
7319,4193
79728,10635
79728,672
79728,675
79728,9817
79728,5932
79728,10933
79728,8237
79728,5888
7320,6596
7320,92815
7320,56852
7320,257218
26024,332
22863,8678
6596,7336
6596,5111
6596,56852
6596,257218
154796,10413
1427,1410
5976,9939
5976,4116
5976,7884
5976,9775
5976,26019
5976,1977
5976,65109
5976,22794
5976,103
5976,26986
5976,81605
3852,3861
26019,65109
26019,65110
3552,10456
3553,834
3856,3875
9939,9775
9939,22794
9939,4116
5139,10565
5139,10564
8573,57524
64802,142
10933,57649
10933,114932
10933,55257
3726,2355
3726,672
23207,9367
27183,57132
27183,25978
27183,84936
27183,5119
9525,57132
9525,25978
9525,5119
9040,4738
9040,9978
4064,9450
7454,51429
7454,4690
23435,6311
9367,22938
8737,7132
8737,7124
8737,355
8737,841
3589,3590
3596,3598
3596,3597
189,5830
3600,3601
3603,920
3569,5008
3567,3568
55014,9342
55014,8673
53407,9183
53407,51594
53407,26471
53407,7405
3578,3581
79444,7322
332,10131
332,6790
332,9212
332,2879
332,8192
332,10229
3720,23512
3720,8726
3720,121536
3720,2145
3720,2146
3720,5928
3720,5931
3720,3066
9493,284403
2912,3356
3643,2887
3643,2888
3643,5295
862,6651
862,6938
121536,23512
121536,8726
9821,440738
9821,81631
9821,8408
9821,84557
25898,7322
9924,57690
9924,255967
873,81605
11144,6117
11144,10635
11144,675
1803,5788
5111,5984
5111,2073
5111,146059
5111,1647
5111,10785
5111,890
5111,10912
5111,26013
5111,10714
5111,1026
23177,23291
23177,5116
23177,5347
51341,3065
51341,11177
51341,9925
51341,9219
51341,57459
51341,9278
51341,3066
80254,10540
80254,22995
80254,64770
80254,10464
80254,284403
4176,26013
4176,4792
4175,4171
4175,26013
4174,26013
4174,4792
4173,7874
4173,26013
4172,4171
4172,26013
4171,55355
4171,1058
4171,26013
27338,26271
27338,51343
8878,11337
8878,8408
8878,4137
8878,81631
8878,5830
8878,3064
29935,6117
29935,6119
6117,5893
6117,6119
6117,6118
6117,5888
6117,4221
6119,5893
6119,6118
6119,4221
6118,7374
6118,5893
6118,2547
6118,4221
79626,5880
3609,3183
3609,3191
6672,11335
6672,10951
6672,23468
6804,9554
140609,114548
7076,4312
5073,56829
2056,2057
54741,3953
54487,29102
22974,3161
22974,672
22974,6790
5631,3795
23286,8723
4716,3356
1911,7703
4067,867
4067,51206
4116,65109
4116,9775
4116,22794
1654,1058
7110,367
5905,81605
3783,29085
356,4690
356,841
356,355
356,8771
3781,88
5395,7161
51447,3320
1230,6358
1230,6360
1230,6359
6091,23380
6091,23032
3014,7178
3014,322
3014,5599
3014,5932
3014,10111
9555,2146
3015,2271
3015,10592
1655,29102
1655,6097
1655,1058
1656,55802
1656,81605
25855,5245
9025,221037
9025,7520
9025,2067
9025,8924
9025,10856
6048,7322
6045,8242
6045,8347
6045,4824
6045,57332
6045,23492
6045,23466
6045,8535
6045,84333
6045,84733
6045,26053
6045,23429
6045,10138
6045,9139
10403,81620
7421,6256
7421,51176
4793,5966
4793,3838
4793,9462
4793,10788
4793,10128
4793,4163
4793,23291
4793,5134
4793,4792
4792,5966
4792,1495
4792,23291
4792,2869
2908,7337
2908,4824
2908,3320
4794,23291
4794,9701
4794,5966
27035,7132
84314,65062
84314,54903
57634,4609
57634,8607
79871,58490
5926,5925
8439,196513
8439,55802
93323,54801
54801,10179
54801,121441
54801,55559
54801,54930
54801,55142
54801,79441
54801,115106
54801,23354
54930,115106
7337,367
7337,5241
7337,7332
7337,2099
2494,1499
2494,10891
7030,10526
4615,3654
4615,51135
4615,114609
4615,3656
23279,81605
7153,672
7153,8289
9784,3265
94,7040
94,116844
94,92
94,7043
10482,81605
23197,6400
5965,2547
5965,7520
5965,8340
5965,142
3018,2271
324,1499
324,7804
324,10544
324,50649
200558,7520
200558,142
27097,2648
996,9232
996,991
996,26271
996,51343
996,595
6382,9672
6382,928
6382,6383
6383,9672
6383,6385
9672,6385
7128,841
7124,7133
7124,7132
7124,55072
7124,8726
7124,4049
79913,54617
10096,10109
10096,8976
10097,10109
93986,116113
26524,10413
50943,6097
50943,861
50943,51564
56616,331
339287,26471
1268,3356
8626,7159
8626,10848
8626,7161
8626,8678
3842,4670
3842,2521
25924,857
80018,1000
84447,2081
5595,644
5595,142
5594,644
5594,3725
5594,5481
5594,142
5599,3725
5599,322
5599,57521
5599,3265
5599,3297
6625,6633
6625,6632
6625,6628
6625,6607
6625,6635
6625,6636
6625,6637
6625,6634
4139,4485
4139,6794
4139,9113
85407,5518
85409,64320
85409,7039
4066,6886
5933,7027
5933,7029
5933,1874
5933,3065
5934,5932
5934,1874
5934,3065
10980,50813
152559,5894
846,2316
55885,9079
11122,5829
11122,6774
54880,4300
54880,84759
54880,10336
56899,3356
2553,2274
6356,1234
6356,1232
6356,2833
6357,1234
6357,729230
6357,1232
6357,2833
55737,51699
55737,9559
6359,1232
6360,643
6360,1237
6360,729230
6361,1237
6361,1233
6363,1236
3952,3953
6776,25
4824,79027
4824,10919
4824,1994
4824,79813
1434,81605
2091,51602
2091,9020
2091,10565
26053,7090
26053,11091
26053,1457
26053,1822
26053,10336
26053,84333
26053,2033
26053,23429
26053,10138
26053,1459
26053,23060
4926,8480
102,2042
6868,5170
10228,9342
10228,8674
5104,2147
3054,2275
3054,9757
3054,23133
3054,2274
3195,5525
4893,2887
4893,2888
4893,5894
4893,673
80020,10956
80020,6400
5829,55742
5829,1398
5829,81565
29108,9447
29108,23586
29108,114548
3309,2081
1789,10919
1945,2043
5885,9700
5885,9126
5885,8243
5885,10735
5885,10274
22803,91368
22803,6607
29947,1788
8975,5728
8237,675
81565,10989
6628,6607
23648,9079
23648,6886
4869,55355
4869,1058
4869,5925
8915,10892
8915,84433
50944,55971
6390,10845
6390,8192
2672,7709
494470,6497
165918,92815
165918,221037
65109,9775
65109,65110
65109,22794
673,5894
673,8826
673,3265
673,5604
673,369
329,7323
5571,96459
5571,10413
5571,8408
80169,1200
29106,10059
4221,9757
4221,4297
7297,3454
10507,5364
6829,6827
55745,91056
2694,8029
2288,4137
2288,367
196,1499
196,3320
5728,7874
5728,641700
5728,3832
5728,5347
55722,10615
10664,5460
7247,7257
1994,81605
1027,890
1027,898
1026,890
1026,9134
1026,898
1026,595
7322,4738
7322,330
7322,55072
7322,867
7322,10277
7323,64320
7323,10277
23047,8243
7178,7520
7178,6009
7178,2547
348,7436
10010,29110
6929,6874
6929,4656
6929,6886
6929,142
6929,3398
10056,2193
6871,4609
4485,6794
4485,4486
146059,10912
146059,1647
3375,3416
641,6232
641,5888
641,5347
7422,7057
7422,3791
7422,8829
7422,8828
7422,5228
7424,3791
3055,51206
11168,5932
11168,9757
5654,4137
79791,595
6455,10015
6455,10059
6455,1814
6455,1132
6455,150
6455,1129
7450,2157
6310,84991
6310,23152
6786,80228
6786,93129
6786,84876
6786,7220
6786,857
57522,8874
5979,2674
23380,10243
23380,56252
5966,79155
4738,26043
85369,8428
57464,8428
6688,1052
6688,2624
6688,6749
6688,6908
6688,5925
9126,10735
9126,10274
9126,8480
9126,8243
10592,23397
4734,64750
4734,9636
11140,29110
11140,9020
6280,6279
4050,4049
4049,7133
4049,7132
51176,1499
657,659
5604,644
5604,5894
7161,4193
7161,255488
7161,10848
7161,2033
7161,7159
7161,266740
7161,4194
5936,1977
5936,1973
5936,26986
1956,867
1956,7039
1956,84894
1956,1950
1956,6642
1956,9146
1956,177
1956,7879
1956,4233
1956,857
5803,1272
7005,10413
10785,6217
890,208
890,10000
7291,9908
51699,9559
23344,57488
23344,83850
57488,83850
3579,5473
3577,5473
5241,3320
5241,7709
5241,6908
7852,1234
392862,55971
182,4851
84074,9757
146433,1436
90865,834
90865,9173
8829,5362
8829,10371
1876,8242
1875,7027
1874,7027
1874,7029
1874,3065
1874,5925
1871,83746
1871,7027
1871,5925
1870,7027
1870,7029
1870,5925
1869,672
1869,7029
1869,10498
1869,7027
1869,5245
1869,11073
1869,23133
1869,3065
1869,6908
1869,142
1869,5925
8473,9342
8473,81605
27316,6434
287,3767
287,6546
287,6833
288,6331
5884,5985
5884,5984
5884,5983
5884,5982
2690,2688
23386,5048
56852,257218
7536,11338
7536,84991
57690,23019
57690,29883
57690,25904
57690,26986
57690,4849
57690,4848
1601,8678
8874,51744
8874,5518
23406,240
865,861
999,51474
999,1495
999,29127
999,595
999,5797
999,7159
999,1499
1399,25
1399,3688
1399,51206
1000,8826
1000,1499
1000,3728
1003,7453
55835,22995
3315,1410
3315,2162
1062,8379
1058,1973
1058,2547
1058,8607
1058,10856
1058,2316
1058,7520
1058,55355
1058,5931
1058,5928
9079,7257
9079,54922
9079,23635
9079,8543
9079,83547
23529,9244
8861,6886
54386,26277
54386,65057
54386,5921
2011,5587
5048,3320
5048,134492
79840,7518
1435,1436
2810,51564
3083,3082
3083,4233
3083,6692
60,857
60,4846
60,88
4803,4804
83547,7879
9342,8673
22818,22820
22818,1315
54737,51535
54737,23272
8607,6095
8607,1499
8607,55355
8607,367
8607,10856
10856,4609
10856,55355
7307,11338
11338,84991
10200,26471
10291,10450
10291,10946
8175,10450
699,162
699,10717
10921,22985
26471,22919
26471,10492
26471,5710
26471,5757
26471,2521
26471,5901
26471,5902
26471,4841
26471,6171
6908,6883
6908,5452
6908,6618
6908,6617
6908,3725
6908,6884
6908,9013
6908,6882
6908,6881
6908,5451
6908,6872
79738,166379
79738,55212
79738,27241
166379,55212
166379,10694
166379,10576
166379,7203
166379,10575
166379,22948
166379,583
166379,27241
166379,582
166379,585
214,923
5460,7403
5460,53615
6331,2258
6331,2257
134492,3320
4627,6275
4627,6093
7222,80228
7222,93129
7222,84876
7220,857
7220,84876
51053,81620
51053,26271
29127,1495
29127,5347
8740,8771
64343,29110
7391,6879
7391,8061
5903,23299
5900,3265
5900,5894
55626,4609
55626,57521
55626,8678
55626,8408
55626,5518
11190,22995
2782,54331
2782,2792
2784,2792
2783,2792
2783,5894
6304,1499
9183,9735
9183,55055
9183,9276
9183,7405
9183,51594
51493,339487
8394,54106
6811,9554
8771,9966
9817,4780
9817,81631
6607,3837
6607,23064
64866,7525
64866,2534
7042,7049
1937,3872
2145,23512
2146,55506
2146,8726
2146,23512
2146,5252
5445,3356
51720,672
7534,403
7534,5894
10971,403
10971,7529
10971,7532
10971,7531
5925,1997
5925,7027
5925,6872
5925,7799
5925,7029
5925,6886
5925,5932
5925,2623
5925,5927
5925,4193
5925,3065
3606,8809
7533,403
7533,10413
10392,10910
10392,331
6790,5347
6790,3161
6790,79866
6790,672
6790,10615
9212,23397
9212,22919
9212,5518
64127,51296
64127,10910
64127,331
64127,834
64127,837
7529,403
7529,7532
7529,7531
7529,5894
7529,10413
7532,403
7532,9759
7532,7531
7531,10413
57621,9139
59082,834
10773,604
84433,11184
3164,291
3164,6794
3164,665
1129,6456
22794,9775
6873,6872
1778,3064
11035,197259
9412,2623
10152,8936
8451,26043
8450,55832
8450,26043
5096,5095
8189,53981
3778,6915
5420,6401
1520,1365
1520,100506658
10575,55212
246778,10148
904,10614
904,54623
904,6879
904,9646
858,857
2861,6531
857,7410
857,4846
857,25
857,27
857,367
857,355
857,5921
857,2887
857,81631
58487,6874
10910,55655
10910,147945
462,2158
3594,3592
3595,3592
863,6886
863,9139
9139,55704
9139,6774
9139,10916
56829,55802
56829,54464
56829,167227
54101,4040
22919,1639
672,4609
672,675
672,367
672,3725
672,11073
672,55218
672,3161
4157,112609
4157,56246
675,5888
3020,57332
3020,23492
3020,23466
3020,8535
3020,84733
3020,2271
65125,9943
6366,1236
4210,834
5932,55218
5932,10111
5337,6009
5338,5880
5931,23512
5931,55355
5931,6886
5930,4193
5929,58508
5929,9757
5929,11091
5928,8726
5928,55355
5928,23512
860,7088
860,10413
861,6886
7376,6256
7376,7464
23272,51535
2891,2892
3265,9610
3265,10636
3265,5894
3265,369
9862,84246
9441,84246
5413,989
5413,23157
5413,55752
5413,4735
7517,5889
23157,989
23157,4735
7520,2547
7518,3981
7518,2547
4735,989
3725,8061
3725,9112
3725,367
3725,7003
3725,2932
3725,5601
7037,7018
7037,3077
7037,2495
9584,5093
2669,7023
2669,8841
283742,339487
6396,22872
142,836
142,8565
168537,26157
89780,4040
84823,4001
4001,440738
4001,81631
4001,11337
4001,84557
2100,2099
2100,7709
987,1493
54472,10043
2099,2033
2099,57326
2099,7709
2099,4846
2099,5295
10542,28956
28956,526
28956,389541
28956,10670
28956,64121
28956,10325
28956,55004
7528,4609
7528,6879
7528,2033
7040,7049
7040,4052
55506,23512
55506,3066
26271,10393
26271,51343
63035,84759
63035,10336
6457,1132
6457,150
6457,1814
6456,1132
6456,150
6456,1814
23210,11052
2274,2551
2081,10956
2081,6400
6886,4602
6886,23635
6886,64919
6886,3065
6886,6938
6886,3066
6224,29074
51377,4843
57132,9798
5892,7516
7347,7314
7023,8841
58533,6642
58533,1639
54625,6778
57459,9219
10450,9716
5481,2932
5478,1398
23191,8936
23191,10163
7965,3735
57175,23603
27000,3397
27000,8347
5300,4609
7525,355
7525,51206
355,81631
355,3932
355,841
7405,51594
7405,9276
7405,8678
4300,57332
22820,1315
22820,1814
7015,6605
7015,1499
7015,1200
7015,65057
51594,9276
167227,55802
5147,403
5147,6009
152007,8678
7159,1499
7159,596
7159,598
7159,599
7159,10413
7159,56288
5298,8766
839,836
839,840
840,842
836,1410
836,841
836,842
836,7295
836,331
836,637
834,114609
1973,27250
1973,26986
1813,2316
1814,2316
1814,1315
841,8743
841,598
842,331
3880,7052
596,637
596,8678
596,638
5347,10769
5347,79866
5347,990
5347,9055
2534,51206
4158,112609
4158,56246
10733,22995
10733,55125
10539,57019
79140,55212
79140,582
79140,585
79140,583
79140,129880
10273,4137
1459,1457
4781,4782
4609,8295
4609,23077
4609,2932
4609,2648
4609,990
4609,6883
4609,5204
4609,6880
4609,53615
83540,81620
10615,1052
57511,25839
8480,8243
8794,8743
8795,8743
331,8767
2932,153090
10945,1315
55140,5230
1080,9368
116,117
10540,10016
5880,1794
171023,367
8347,2271
3356,2752
30811,3984
30811,1072
30811,5518
6728,6730
8317,10926
8243,10735
51547,4899
7099,23643
5784,10413
112609,4159
112609,56246
7474,4919
8242,10919
8242,26013
8242,7027
8242,11335
8242,23269
8242,3065
8242,3066
92815,6749
4688,653361
4688,4689
55159,4193
2043,1946
2043,1943
2043,1942
2043,1949
2042,1946
1969,1946
1969,1499
1969,1942
1969,3636
2041,3636
4595,328
51035,5321
29110,3320
29110,148022
7403,9314
7403,367
7403,6657
23135,9314
23135,6657
6400,10956
10073,3837
9610,27
4233,3082
7332,867
7332,25820
10845,8192
8192,10131
403,9094
403,84747
53335,9219
65057,26277
7428,1499
7428,3191
9113,10413
9113,6794
6241,6240
6241,10059
7295,6774
7295,328
7018,81605
8408,2475
8408,57521
8408,84557
8408,440738
8408,81631
8408,3064
10670,64121
10670,55004
64121,10325
64121,57521
64121,55004
10325,55004
367,10188
367,2316
367,4297
367,8085
367,1499
367,595
367,5901
367,6046
367,3320
367,7182
367,3169
367,4193
367,2934
88,776
7430,6558
5789,9788
5788,3932
266740,8841
3455,3454
3455,3456
3455,3445
3455,3440
3455,3439
3455,3442
3454,3445
3454,3440
3454,3456
3656,51135
8481,81631
11091,9757
11091,4297
7486,23468
7486,5888
7486,6839
6602,6605
2624,3065
2625,10014
2625,8841
2623,9282
2623,9440
2623,9477
2623,161882
595,4899
595,8841
6938,3398
8741,8764
8743,8793
9966,8718
91,92
91,3624
8995,8784
9698,9337
2550,9568
10576,55212
7203,55212
7203,6774
9636,11274
81631,867
10611,3399
10611,3397
10611,3398
4159,56246
3636,1942
2665,5861
2665,4218
25776,1499
84133,4040
84133,284654
867,7409
867,1398
867,5295
867,3875
2316,19
2316,5663
2316,3690
2316,3695
3875,8678
10721,5888
6884,6881
6884,6882
6883,6874
6883,6881
6883,6882
6883,6880
6883,129685
6882,6881
6881,6879
6881,6878
6881,6877
6881,6874
6881,83860
6881,6872
6881,6880
6881,129685
8148,2033
1639,7278
1639,8723
9735,55055
10635,5888
116150,57142
4863,9994
284403,22995
7335,55611
7336,257218
56254,81605
10413,8463
10413,7003
10413,9314
10413,7004
2147,2157
2152,2155
572,599
19,3832
19,1756
10043,4646
1499,8650
1499,1496
1499,5315
1499,6934
1499,1495
11052,11051
57521,2475
57521,64223
57521,26268
6404,6403
9337,4848
4849,4848
4848,23019
4848,29883
4848,57472
4848,25904
23019,7538
4846,1759
10109,56288
10109,8976
3837,3838
10148,3592
9146,8027
3937,3702
79711,1052
79711,2177
56288,3064
4690,8732
4690,8976
27123,4040
4646,10755
4646,146691
22943,4040
63971,11033
23303,11033
53615,9314
53615,3065
53615,6657
57379,3836
57379,3839
10075,8239
10021,51555
369,5894
3930,11335
3930,10951
3930,23468
2268,3320
23643,9450
9857,1495
7431,8678
51474,1495
9844,1794
4891,23327
8766,5663
8766,3064
84898,5663
5315,8841
93129,84876
1977,26986
9564,8412
3065,9219
3065,8553
3065,3066
8841,9759
8841,5230
3066,23512
2177,1052
23468,23595
23468,4998
23468,6839
5663,1501
81620,23594
9477,84246
23268,8976
92,3624
1793,1398
2475,64223
2475,598
2475,6009
2475,26268
2648,6880
2033,6659
2033,4193
2033,2521
5893,5888
5893,2068
5893,2071
5133,29126
1161,2074
2068,2073
2068,2071
2071,2073
2073,2074
2073,1647
7874,4193
638,598
637,598
84246,9440
84246,9968
51586,6721
51586,6720
23512,8726
817,6262
9020,6128
9020,3320
54535,22995
1536,7132
641700,5688
4851,9794
90550,63933
90550,10367
6741,10565
3297,3298
2889,1398
51206,6453
85358,55971
4193,8650
4193,4194
22941,55971
200186,4841
1398,25
8678,30849
5037,5894
7132,10131
79657,3320
3932,921
3932,3320
79813,10919
79813,6839
10919,6839
8061,7003
3593,3592
81605,9958
3111,3112
3984,1072
29074,6188
9757,3185
6833,3767
598,10059
57326,5295
2674,2668
196513,55802
7067,5295
5162,5160
6879,2118
6879,6872
6878,6874
6878,6880
6878,129685
6877,6874
6877,6872
6877,6880
6877,129685
6874,6880
6874,129685
6880,129685
10016,10015
3159,4999
3159,4998
3159,23594
10565,10564
585,55212
585,27241
585,129880
23594,5000
23594,5001
23594,4999
5000,4999
5000,4998
5001,4999
5001,4998
4999,23595
4999,4998
23595,4998
27241,55212
27241,582
27241,583
27241,129880
582,55212
582,129880
583,55212
583,129880
129880,55212
