5551	251
4825	4138
4825	4141
4955	6890
4955	8873
4955	7477
4955	134
4955	4151
4955	8064
1435	960
1435	7745
6622	2291
6622	2290
6622	2731
2003	2794
2003	3559
2003	3556
2003	2796
2006	5962
366	1399
366	1884
366	1857
366	592
366	4230
2367	2917
2367	2366
2367	811
6507	6092
6507	4855
6507	9761
122	3561
2960	4478
2731	4730
2731	1234
2731	3563
2731	7290
6049	7180
4833	4818
4833	5088
4833	6931
4833	2493
4833	1984
4833	4318
4833	7098
4833	9489
4833	6041
4833	696
4833	6265
4833	11507
4833	1029
4833	1816
4833	3535
4833	4916
4833	1434
4833	883
4833	4773
7361	9684
7361	6369
4928	521
4928	3428
3109	1088
3109	920
3109	3115
3109	3114
3110	2728
3110	3114
3335	6890
3335	7268
3335	7354
526	521
3113	3300
3113	5015
5329	223
5329	4665
5495	6131
8365	6131
6131	10321
6131	9
6662	3559
569	9918
569	1220
569	7567
569	4402
569	4339
4191	2728
2884	4890
4523	1044
4523	1778
4523	1306
4007	1773
4007	7565
4007	1437
4007	679
4007	4317
4007	2676
4007	4137
4007	4533
4007	1847
4522	1302
4522	5167
4522	3312
4522	4716
4522	3620
4522	3621
9884	6172
9884	6174
102	3836
102	3837
102	3838
9927	1184
9927	1182
9927	1181
9927	1180
9927	1179
3108	6593
3108	7703
3108	599
3108	5015
6606	7327
8993	7327
2478	2674
2478	4764
2478	4882
2478	4778
2478	2668
2478	2676
2478	1581
2478	4138
7327	9068
7327	7710
7327	513
7327	9353
7327	10533
7327	1383
7327	7837
372	5741
372	387
372	408
372	2492
372	8474
951	3536
951	440
952	3536
10026	7813
4357	5284
2211	883
2211	6894
2185	2198
2186	2198
2186	1437
2188	1437
2189	3466
2189	5791
2189	629
2190	2198
2190	5104
2191	1437
9579	8554
7017	11112
7017	8554
226	2341
4526	8827
4526	6890
4526	4317
4526	5323
4526	7680
4526	442
4526	4314
4526	7268
4526	1058
4526	1345
4526	7354
4526	692
4526	3499
4526	5830
1558	521
4373	238
368	440
4025	4027
4369	9751
4369	6035
5422	2345
4370	4945
4370	6868
1979	3836
1979	3837
1979	3838
5115	3504
6566	3504
4708	9921
4708	960
4708	4175
812	811
7896	6167
7896	5304
7896	4169
7896	6931
7896	675
7515	7240
7515	653
7515	7410
3677	677
3677	2438
3678	4115
3679	2023
3679	3148
5338	8559
11501	6038
4313	2814
3393	4345
2195	2037
4856	1500
4856	1715
4856	1847
4856	5112
628	627
7377	9870
2406	3725
2406	4662
2406	4482
2444	7477
2444	1054
2445	11898
2446	9210
2446	11898
2446	6853
2446	8784
2446	6038
2440	7477
2440	8986
2440	5849
2440	5923
2440	9210
2440	1054
2441	9210
2441	750
2441	5923
2441	8986
2442	7477
2442	750
2442	6853
2442	1054
1457	4314
2641	2797
5714	7238
5714	8876
5714	11293
8057	9870
2082	2081
5143	8549
8789	2172
8789	7726
11287	2172
8788	2172
256	5346
256	7235
760	668
760	669
760	643
760	384
259	5063
259	5630
259	9920
258	5630
258	10482
4014	817
7748	1043
7748	929
7748	5992
7748	4871
7748	6564
5219	1601
6515	3836
6515	3837
3284	3621
4169	3194
4169	3196
4169	6550
4169	675
4169	6167
4169	589
4169	4162
2111	2110
3295	8827
3295	2997
3295	6136
3295	3289
3295	6135
8664	6630
3791	8212
4045	3540
5197	4317
5630	5063
5630	10482
5630	3117
5630	260
6580	5063
9920	5063
9920	260
10547	9392
7578	9970
4023	547
4023	552
4787	2497
4787	2493
4787	7161
4787	9898
655	9684
655	4492
655	267
655	5679
655	2429
655	8905
655	5102
655	2952
655	5130
655	7609
9135	8869
9135	5469
9135	5574
9135	5281
1058	6683
1058	7354
1890	4317
1890	2102
9386	2275
9386	9236
5808	1816
5808	4818
5808	11507
4754	7098
4754	8505
4754	4818
1312	7462
1312	3979
181	500
1115	12007
1115	2817
3713	7983
3713	6020
3713	6628
3713	9666
3713	4672
3713	4375
3713	11191
3713	6625
3713	1041
5391	3608
9691	9392
8286	223
8286	2148
8286	5318
2655	1865
2655	1270
629	3799
629	604
630	3806
627	4342
627	4343
6673	7414
4732	2225
4732	2224
4732	1270
4732	1488
5467	3540
5467	1271
4161	1715
4161	5556
1192	6234
1192	7490
1192	656
1192	5480
1192	957
1856	468
524	1884
524	3877
524	1412
401	468
5499	2470
7883	8352
7883	3734
7883	481
1336	1270
1336	6109
9350	3196
9350	6041
1877	1879
1214	1280
9725	6169
9725	750
9725	4294
9725	2100
9725	4914
1078	4317
8574	3491
8574	5174
6154	7312
6154	6679
6154	9688
7057	3944
9355	134
5349	7312
3332	3333
3332	419
5534	2561
3860	1342
5636	7634
7778	6178
3560	3946
3560	5796
3560	4761
3560	7011
3560	2291
3560	3559
3560	48
3560	2794
3560	2795
3560	3564
3560	3947
3560	3949
3559	9163
3559	2798
3559	3556
3559	957
3559	960
3559	9366
3559	3133
3559	1903
3559	7901
3559	6268
3559	2794
3559	2795
3559	750
3559	2796
3559	848
3559	2797
3559	2524
1915	2142
1915	6909
1915	1924
1915	6785
7770	3666
7770	7444
9970	6845
9970	9002
9970	5236
9970	3943
9970	1376
9970	6427
9970	5960
9970	6698
9970	5323
9970	1840
9970	3533
9970	3532
9970	4883
9059	7904
9059	5301
9059	5352
8518	92
3486	9349
3487	558
5596	7238
5596	8876
5596	11293
238	31
238	236
238	8022
238	1
238	2806
238	3356
238	7375
1251	4415
1253	4038
1253	7885
2653	2652
8869	6990
8869	4343
8869	4345
8869	6427
8869	5469
8869	10385
8869	461
8869	5281
2952	1916
2952	755
2952	4995
2952	2169
2952	1465
2952	3491
2952	2974
2952	3813
2952	3630
2952	3816
2952	3650
2952	3074
5420	3194
5420	3196
5420	3195
5420	3202
5420	3499
5420	2984
5420	3198
5420	3197
5420	3200
5421	3499
6326	5370
6326	4927
6326	7727
6326	6367
6326	1714
6326	6361
6326	7619
7322	10308
2124	2123
2125	2123
5370	4927
5370	6361
5370	6367
4927	7727
4927	6367
4927	1714
4927	9204
4927	6361
4927	7619
6196	3944
6196	216
7727	6361
7727	6367
6367	1714
6367	9204
6367	6361
6367	7619
3230	5355
3230	7900
3230	5444
3230	9724
3230	5696
3230	5443
3230	1564
3230	674
3230	581
3230	4037
3230	4036
3230	6931
3230	4317
3230	5766
3230	5767
5786	4037
5786	4036
5786	4874
9273	5741
9273	5865
10162	4684
1507	577
2676	1847
2676	6109
4665	5063
8870	1146
8870	7180
5014	481
2438	3680
2438	134
4311	6028
7074	4034
4175	9921
4175	2044
4175	960
4175	2043
2079	2086
2079	2084
2079	2080
2079	2088
2079	2087
1576	2046
1576	1613
1087	4715
11125	3946
11125	8459
2086	2081
2084	2081
2087	2404
6591	9130
6591	387
6591	3329
6591	385
6591	545
5564	3968
3274	2023
3274	897
3274	2011
3274	898
2514	7454
3063	43
2512	4415
2512	4409
2512	3961
449	1220
4318	1743
4318	4415
4318	6698
4318	3154
4318	4317
8559	4066
455	7758
5828	3771
5828	10680
5828	5784
5913	3510
3017	2103
3017	4070
3017	3013
3017	8616
3017	3525
3017	3114
3017	3146
3017	1721
3017	2269
3017	2404
3014	3012
3014	3013
3014	8616
3285	6031
3285	6038
3285	4847
8397	9847
10900	6214
6599	2798
3297	558
3297	2464
3297	5481
3298	3289
255	1220
7013	8566
7013	6136
7013	3257
7013	3258
7013	2735
7013	9139
1333	1489
1333	2225
1333	1490
1333	2224
1333	4533
1333	1488
2187	1465
2187	2200
3973	8847
3973	6342
3973	8708
5033	4299
5033	5065
5033	5048
5033	4342
5033	4294
7235	6868
7235	591
7235	6216
7235	9821
7235	5371
7235	3865
7235	6144
7235	4348
7235	6142
7235	5676
7235	4874
7235	4463
7235	3053
7235	5282
7235	4873
9649	2858
6104	2522
3841	3865
6170	8772
6170	2987
8361	2832
8361	2795
8361	3865
1322	1323
4240	4239
4240	4236
4240	4233
4240	4241
4240	56
4239	1440
4239	4235
4239	4236
4239	1264
4239	4233
2869	400
2869	2874
11601	3849
8926	3849
6809	4765
5741	8474
4192	11058
4192	8322
4192	4750
4192	1570
8847	5622
8847	6915
1349	1347
1348	1350
8708	5622
2531	6265
2439	458
2439	649
2439	5302
2439	653
2439	4836
5377	1495
2320	5574
4200	4068
4200	4387
2948	6683
2948	10777
2670	883
5532	5555
5532	6713
5532	5831
5532	5112
3944	4213
3946	8311
3946	4772
3946	8459
3946	960
3946	4314
3946	3080
3946	3953
3946	3947
3946	4213
4883	1376
4783	960
4783	3154
4782	960
4782	1175
4782	10954
4782	1757
4782	281
4782	2404
3211	8027
4539	568
4539	597
10252	7957
10252	4082
646	3244
3493	3717
3491	6267
3491	4299
3491	5174
3491	5888
3491	9412
3491	4349
3491	8905
3491	3517
3491	3141
3491	5879
3491	5130
3491	6773
4465	957
4465	9684
5608	6664
4466	3354
4466	4871
4466	5965
4466	4873
4466	7161
4466	8605
4466	7174
4466	174
4466	6443
4466	6778
6282	3964
107	6683
3863	11898
5345	2167
5345	2183
5346	2167
5346	2183
5346	2677
6323	8015
6323	7947
6323	4746
4015	7677
8189	9688
2272	6683
4377	7365
4377	8525
4377	11436
383	382
8563	1043
4493	4492
4493	2734
3401	580
2333	7435
6172	6173
6172	431
6172	6174
6173	431
6173	6174
10855	2405
10855	10112
1714	6361
1715	5556
1715	1847
1715	5112
521	529
521	3762
521	4304
521	1279
521	329
521	2262
521	50
521	2265
521	3947
521	500
521	530
521	527
521	528
521	2484
500	509
500	508
500	507
4254	3114
4254	4317
1036	553
1036	5435
2489	8632
4717	8026
4717	8320
4717	1299
4717	566
5260	7435
9638	9392
5544	8962
5544	8643
4874	2798
4874	8566
4874	9592
4874	2766
4874	10555
4874	390
4874	3866
4874	5773
4874	585
4874	5180
4874	7174
4874	6831
4874	8026
4874	677
4874	8320
4874	2797
4874	2796
4873	8026
4873	8320
4873	4475
4873	7174
4873	10555
4872	9454
4872	7174
4872	8026
4872	8320
4872	5773
4872	10555
11165	3294
5882	5088
5882	4415
5882	715
5882	7902
5088	4317
5088	8820
5088	1465
5088	1316
5088	6926
5088	6547
5088	7902
5088	1847
5088	1848
9110	5836
881	883
6041	3194
6041	3196
6041	6704
6041	3955
6041	1118
5125	930
6931	8558
6931	716
6931	251
6931	674
6931	9392
6931	589
6931	675
6931	6785
4740	8282
4740	3955
7485	8459
7485	4317
10515	7795
10515	9130
4704	251
5638	5236
5638	6742
134	2467
134	1460
134	5903
134	3028
134	3255
134	3306
134	1116
134	1495
134	579
134	282
134	6688
134	5962
134	1757
134	2507
134	5015
134	2214
3433	5134
3433	1297
6109	4965
6109	5318
6109	251
6109	1316
6109	1508
6109	4739
6109	7634
254	1141
6453	3154
1347	6122
1347	1346
4456	3985
4456	9
4456	3268
4456	3984
4456	3235
594	174
920	2114
920	2110
920	918
919	918
9840	376
8455	8554
8455	11070
1570	568
5692	1721
6141	2023
1865	1461
1865	9382
1865	278
1865	1318
1865	3362
1865	1391
1865	1270
1865	4475
1865	2832
1865	8101
1865	4518
1865	6038
2880	2879
2074	4066
2074	2073
5734	2795
11293	1495
11293	7238
3242	3672
3242	3971
3242	2866
3242	3972
3818	5654
4898	561
3812	6550
3812	5654
5523	10271
5523	1815
5523	10070
5523	4803
5523	1525
5523	3312
5523	1816
5523	4531
5523	6490
5523	3621
5523	1812
5523	1813
5523	92
5523	5809
13	6683
8243	9688
9245	8912
5017	3820
9276	3836
9276	3837
9276	3838
3275	2798
3784	976
6492	3154
718	650
718	356
718	652
718	651
3287	4847
5938	7180
2966	4415
3426	2167
3426	3740
3426	1297
3424	2167
3424	1297
6650	6698
6650	4317
3428	6230
9223	2497
9223	2493
3254	4212
505	817
1235	1234
1235	7354
6169	4914
6169	4294
1236	1234
5506	4914
370	385
370	251
11507	2493
11507	7098
11507	8820
11507	1029
11507	9995
2701	568
2429	3868
2429	7966
2429	5459
2429	5130
2429	1520
5288	3196
3676	7462
3676	1234
3676	3626
3676	3696
6428	1353
6428	4490
282	1199
282	3002
282	4031
282	4345
282	2167
282	2023
282	100
282	101
282	135
282	2845
281	1199
281	4031
281	4317
281	1638
281	3408
281	100
281	2507
4467	387
4467	385
3419	6066
3419	1299
6066	1220
480	477
3364	3362
3364	3388
3362	2796
4453	8912
1153	3356
1153	6878
4031	1199
4031	4244
4031	960
4031	1316
4031	240
4031	3408
4031	579
4031	4126
4031	2010
4031	384
4031	3840
4031	3788
4038	1776
1307	1302
4034	4068
3286	6311
6915	2674
6915	10215
2358	5798
2358	9194
2358	1398
8313	3194
8313	8995
8313	9502
2336	2229
3329	8992
3329	4959
3329	1227
3329	10385
100	1142
597	2342
814	1481
936	934
936	935
936	7180
2893	8804
4289	4516
3140	4389
3140	2428
3140	2220
3140	1433
3140	3139
3140	1841
2581	1431
2581	1430
1460	6894
1049	308
1049	6246
2197	2204
2197	2198
2197	2200
2394	7564
7458	1316
7458	4752
4936	6444
4936	193
4936	457
4936	458
6693	4342
6693	4345
6693	4143
6693	6734
6693	2100
5388	277
3584	734
9181	5281
6116	6894
6116	4317
3583	5983
5469	8251
5469	5677
5469	6894
5469	6990
1341	1812
2938	1350
1343	1812
1975	9688
3947	3953
3947	8459
5912	5957
11283	5137
690	5926
8282	6499
8282	2290
8282	3955
2104	4345
2104	4343
2104	2102
3245	3265
3246	3265
3246	3248
3246	6136
3246	6135
3244	1725
3244	3248
3244	3265
3244	6038
3244	6916
3244	3253
6554	5134
6554	2982
3023	1086
6771	8440
6771	6136
6978	6038
10020	405
3414	558
6573	5136
6573	5175
1391	1271
533	9
533	3877
1175	8020
1175	6894
5021	7240
5021	7410
2095	2832
2095	5664
2095	4317
1226	4999
1226	5001
2872	5134
2872	2806
2872	4847
2872	2805
2873	1743
2873	400
2873	1091
2874	2023
2011	1444
2011	5220
2011	251
2011	9425
2011	1443
2011	6232
2011	6352
2443	4221
1174	6894
5971	6657
5971	6327
610	611
610	612
6230	3146
1695	3789
5321	2164
5322	2164
11210	1564
11130	4400
7821	692
2297	3504
2297	3005
425	429
422	429
420	427
420	54
420	8714
420	10887
420	429
419	1606
419	4988
3255	3257
3255	10081
3255	10084
3255	704
3255	8452
3255	8848
1238	1231
3256	10081
3256	8848
10567	5836
4212	2728
4212	310
4212	9246
4212	7244
4212	9275
4212	9422
4212	7117
4212	5852
5009	1234
585	3865
1721	2280
1721	2183
1721	2220
1721	1220
1721	568
1721	3840
1721	677
1721	7310
1721	1430
581	6726
581	1564
581	9878
581	674
581	669
588	251
588	1781
588	3521
1237	3540
1237	1234
1237	1231
1237	7290
4188	1181
6483	1029
2982	6549
2982	8525
2982	6168
2982	4891
3626	7462
3626	3627
3626	2519
3626	3696
3626	5202
3627	7462
9757	1976
1407	2984
1407	6265
7476	4746
2103	2172
713	6683
713	6325
3422	156
715	10946
715	4415
715	4144
715	7813
716	10946
716	4144
8459	3948
8459	8311
8459	3952
8459	3951
8459	3950
8459	3953
8459	3949
8459	92
8945	7813
6088	3133
6490	10271
4211	9275
4211	7244
4211	310
3666	3206
3666	8302
3666	7444
2113	2112
2113	2131
652	3266
652	3154
652	4534
651	4534
651	1976
651	4535
651	3504
650	4534
650	1976
650	580
650	4535
650	3504
10543	8322
10543	9359
10543	10660
5840	5842
5840	5850
5840	5844
5840	5845
5840	5841
5840	5843
5840	6126
5841	5850
5841	5843
5841	9727
5841	6126
3198	1773
3198	3196
3197	3196
10555	5213
3194	6563
3194	6890
3194	673
3194	8995
3194	4101
3194	9502
3194	5093
3194	675
3194	3955
3194	3196
3194	9392
3194	7971
3194	6704
1021	3356
1021	6878
3196	1773
3196	5444
3196	5445
3196	4101
3196	8871
3196	7218
3196	1777
3196	1306
3196	1778
3196	3201
3196	1776
3196	7263
3196	3195
3196	3203
3196	4102
3196	1061
3195	2814
263	677
263	5679
2214	385
3201	8358
3201	2797
6808	2798
9155	9156
3190	6419
8342	8285
979	8368
979	4299
3968	6534
5273	277
5273	481
7268	7354
7043	2138
7354	6890
7354	5323
7354	1220
7354	10512
7354	4314
7354	4151
7354	1345
7354	4354
7354	1055
7354	4360
7354	1847
7354	3529
6683	7805
6683	6325
6683	4068
6683	6770
6683	4317
6683	5352
6683	1847
6683	6563
6683	3306
6683	4144
6683	6153
6683	3814
6683	8749
6683	3300
6683	251
6683	3808
6683	4818
6683	3143
6683	2639
7637	2404
654	5773
7117	782
7117	9275
260	6757
260	2167
914	3450
914	1903
578	9761
3321	2224
3321	2226
4003	561
5556	6675
5556	390
5556	6257
5556	1500
5556	3521
5556	4611
5556	5112
5555	4764
5555	5648
5555	3565
5555	390
5555	6257
5555	563
5555	4611
5555	4184
5555	3521
1394	11095
4208	190
4791	9847
2728	310
2728	3536
2728	7591
2728	7108
2728	9860
2794	2798
2794	3556
2794	2292
2794	848
2794	9366
2794	5352
2794	1179
2794	4383
2794	750
2794	2795
2794	4914
2794	2796
2794	2797
2794	2524
2795	1326
2795	2798
2795	1325
2795	3556
2795	1053
2795	848
2795	3628
2795	5202
2795	4762
2795	750
2795	9366
2795	1632
2795	2100
2795	4914
2795	2796
2795	2797
2795	2524
210	553
3848	4320
3849	8523
3849	7269
3849	2897
3849	5259
174	5619
174	4407
60	1130
1805	11055
3996	1976
3996	1220
3124	3123
6034	1317
6034	3077
6034	1316
4942	1317
4942	3077
4942	1316
3289	9047
3289	8827
3370	4345
2554	8722
2554	6345
52	54
9873	1495
9873	934
7957	4082
2226	4201
2226	440
2226	2524
2226	4716
4796	3601
4796	5041
4796	1847
4796	7293
4796	1345
10069	1434
1810	5183
11249	3555
9552	412
9552	4316
5801	375
7452	712
7452	3806
7452	3529
2256	4415
2256	4409
2557	3178
11633	9688
11633	10155
10155	2000
10155	9688
6267	5174
6267	5888
6267	6773
6404	2827
6404	3497
6404	7553
7132	1847
7132	2511
4341	4342
4342	5062
4342	5202
4342	4300
4342	7482
4342	2522
4342	6063
4342	4294
4343	2417
4343	6427
4343	6990
4345	3378
4345	3379
4345	4847
4345	3388
4345	6734
4345	5134
4345	3385
4345	6427
4345	5695
4345	3394
4345	2265
4345	4411
4345	8452
4345	3383
1780	1779
1780	11826
1780	1303
1780	1306
1779	759
1779	1303
1779	1306
1779	1308
1779	1778
1779	11826
1779	1781
1778	6200
1778	1303
1778	1306
1778	1308
1778	11826
1778	1781
1778	1774
11826	1781
11826	1306
11826	1303
1781	1303
1781	1306
5277	7414
9441	3154
9441	8525
10512	5962
6734	2172
6734	6063
6734	4143
6063	4143
1739	1091
4151	6890
1738	2400
1738	2826
1738	1091
1085	5304
7415	2663
308	2224
308	307
308	1488
308	4716
4784	11104
306	440
5843	5844
5843	5845
5843	5842
5843	5850
5843	9727
307	2224
3949	4213
3949	3953
8028	1220
4148	4147
4148	1884
458	5302
458	109
458	653
458	649
458	6224
4415	9028
4415	7510
4415	2234
4415	4409
4415	4317
4415	3513
4415	2846
4415	2552
4415	5819
4415	3171
4415	2176
4415	1995
4415	3499
4415	440
3960	2234
3960	9028
3960	2846
3961	9028
3961	7510
3961	2234
3961	440
3961	4317
3961	7598
3961	3499
8348	2825
2117	4389
2117	2917
2117	2220
2117	2116
7400	9688
8162	10946
1088	2286
1088	3402
1088	3115
1088	3114
10130	5238
1091	2400
1091	6804
1091	5431
9392	949
9392	9006
9392	5236
9392	5577
9392	5093
9392	948
9392	8108
9392	4746
9392	2564
9392	6316
9392	8015
9392	7522
9392	589
9392	3533
9392	7971
9392	7947
9392	675
4498	4815
8962	8643
2850	3356
2850	6878
2080	3840
2080	3114
2080	4905
530	4440
530	529
527	529
528	529
10411	10408
922	921
922	918
4234	251
2156	790
2156	1701
6134	414
3789	791
5481	3268
5481	3299
95	1142
1776	1773
1776	251
1776	1777
5960	6427
5960	5236
5873	2265
5873	8525
9815	3540
2119	2118
6893	2745
6939	5052
6939	6207
6894	2561
6894	2828
6894	4109
6894	934
6894	960
6894	4317
6894	1176
4340	1299
7108	2797
9860	2797
5508	1465
5508	2797
7691	2797
6352	707
2488	8632
7886	696
3036	4681
1773	4162
1773	4138
1773	4533
5842	5850
5842	9727
5842	6126
613	614
2137	5055
2220	2070
2220	2108
2220	11046
4385	4384
3783	790
6876	7094
9844	7180
750	1444
750	2798
750	5202
750	4079
750	6451
750	2010
750	2100
750	4914
750	2797
750	2796
1155	2305
1155	2302
1155	696
1155	2314
1155	2303
3229	5236
3229	6427
3229	3717
3229	47
3229	6698
3229	3533
3227	3717
10847	10112
10847	4506
10847	1626
929	6312
929	9918
929	5165
929	2100
8026	4871
8026	4870
8026	5213
7075	251
8320	4871
8320	4870
8320	5213
3596	4764
3596	7180
2158	2167
2158	2046
605	2339
605	4281
3725	1731
3725	400
3725	2805
10946	5258
10946	5323
10946	3535
10946	8867
10946	3532
10946	8845
10946	1847
10946	1848
5236	9006
5236	2561
5236	4723
5236	4317
5236	251
5236	6707
5236	6698
5236	3533
9465	7477
3514	1724
3312	4531
3312	1525
3312	3620
3312	696
3312	3621
3312	4818
3312	5280
10215	5622
5093	7971
5093	8108
5093	5577
6096	251
6096	1316
6096	1500
6096	3717
6096	3521
4752	1179
4752	6095
4990	1500
4990	3521
4990	5769
6698	9006
6698	4458
6698	4317
6698	6427
6698	4457
6698	3533
6698	43
4711	251
4220	1316
4221	1565
1044	1043
1044	4871
1044	5773
1044	676
1043	4871
1043	4870
1043	960
1043	9520
1043	5773
1043	6689
1043	129
1043	8106
1043	7101
8440	6136
5676	6868
953	4137
2511	9448
2511	5112
2490	3799
2350	11327
2350	237
2107	2106
2107	2108
2108	2106
2108	2134
2108	2109
10499	4682
2109	2134
2109	2106
2109	2222
2109	2118
4895	3971
4895	3955
9047	11151
9047	691
2389	696
8525	6168
8525	2985
8525	6664
8525	11436
2598	4252
4730	3563
4730	7290
1259	961
9785	1301
9785	4977
9785	4320
9785	4317
7467	5798
10646	7126
10646	5798
10259	5798
10259	7360
375	2232
375	385
375	387
375	388
375	1757
375	408
375	2492
3146	1427
3146	240
3146	1925
3146	558
3146	4115
3146	1430
1311	251
6106	8554
6106	7647
6106	696
6106	8690
6106	7477
6106	11070
6106	4541
6726	673
2708	3538
2708	4179
7971	8108
98	3836
98	3837
3065	583
3065	676
2775	5435
2775	11213
6012	5117
6200	883
6200	1270
3378	3498
1399	139
3380	3529
3382	6779
3565	4764
3565	6325
3565	6770
3565	5180
3565	6831
3565	3601
3565	1848
5374	17
6346	4053
5305	580
5305	643
5180	4079
5180	4317
5180	4992
5180	960
5180	5165
5180	3154
5180	3865
5180	6234
2735	1314
2735	4179
2735	4050
2735	6136
3755	1424
3268	3272
3268	2782
3268	2783
3270	4694
2100	6312
2100	5202
2100	4079
2100	4317
2100	5165
2100	6451
2100	4297
2100	2010
2100	4914
2100	2797
2100	2796
4914	6451
4914	5202
4914	4079
4914	5165
4914	7482
4914	2010
4914	2797
4914	2796
5574	6451
5574	1444
5574	2010
9164	1327
3521	2789
3521	4414
3521	47
3521	3717
5006	5004
5007	6082
5007	4999
5007	5001
5007	2169
5007	5003
5007	5005
6082	4999
6082	5000
6082	5001
6082	5002
6082	2169
6082	5003
6082	5005
4999	5001
4999	5002
4999	2169
4999	5003
4999	5916
4999	5005
5000	2169
5000	5003
5000	5004
5000	5005
5001	2169
5001	5003
5001	5916
5001	5005
5001	5002
5002	2169
5002	5003
5002	5005
2169	5003
2169	5005
5003	2023
5003	5005
9315	8444
5065	5054
5065	552
5065	4299
5065	241
5065	240
5065	5108
4750	11058
4750	8322
4750	6217
4750	6144
4750	4348
4750	6143
4750	6644
4750	9359
4750	377
4750	9461
679	4317
679	5258
679	4399
679	670
679	672
679	1179
679	2507
679	2846
1925	696
1925	599
682	672
374	440
5208	1812
3963	3315
1481	4244
1481	3012
6232	547
6232	551
6232	2010
6602	1757
4115	4068
4115	2428
9727	5844
9727	5845
9727	5850
9727	6126
3775	12050
3775	792
3775	789
3776	792
3776	414
3776	790
3776	789
3778	792
3778	414
3778	789
3778	790
3778	1701
3779	12050
3779	792
3779	789
6878	10269
6878	10033
1655	7525
5292	3536
5292	412
2294	8827
689	3799
2148	4079
2148	5318
1264	56
8368	4299
1271	3540
1271	1231
1271	278
5600	9128
5600	4736
5600	6185
5600	6204
8352	3734
8352	481
3734	481
481	5384
481	10791
481	2385
481	5931
481	4230
481	2277
481	5011
883	2669
883	7565
883	4965
883	2783
883	4317
883	279
883	1565
883	4037
883	4036
883	4001
883	2178
883	2180
7204	9688
310	4335
310	15
310	3621
310	1812
310	7591
310	2832
310	3709
310	3467
6770	7805
6770	1847
6770	4144
356	10367
8412	5041
8412	4294
9824	9454
9824	440
1472	4473
1469	4471
1469	3070
3866	6522
3866	2561
3866	5773
3866	3865
3865	7238
3865	2798
3865	9592
3865	390
3865	7220
3865	2797
3865	6793
3865	6831
3865	5427
3865	7241
3865	7068
3865	2796
1194	634
5108	1029
5108	552
9921	960
9921	2564
8325	1369
8325	10367
1804	668
1804	11055
1914	2295
1914	5654
7444	8302
7444	3529
8533	6829
8533	9038
8533	8538
2548	1220
8889	1256
11280	6678
11280	7516
9038	2642
2183	2167
2183	3114
643	4317
643	673
643	1048
643	2678
643	579
643	6321
643	648
643	5259
643	384
643	677
643	580
643	584
668	676
668	2368
668	673
668	579
668	5259
668	384
668	677
668	2984
668	584
670	673
670	6451
670	1581
670	2010
670	384
670	583
670	677
670	676
670	582
671	673
671	5118
671	1295
672	583
672	3529
672	384
673	251
673	4101
674	5355
674	7900
674	5444
674	9724
674	5696
674	5443
674	1179
674	675
674	4037
674	4036
674	589
674	5766
674	5767
675	5304
675	6167
675	8108
675	589
675	4101
7861	3482
7861	5280
9719	4996
7841	6038
2343	9688
2343	2576
2608	1770
2608	2609
6916	5622
6916	10063
162	2940
2375	2143
2492	408
2492	385
2492	5831
2492	4762
311	7180
6126	5844
6126	5845
6126	5850
5089	2139
6767	1976
8251	5677
4882	2674
4882	1581
2012	2601
2012	1646
2012	2010
271	547
271	551
1295	2229
1295	6091
7098	1816
7098	4818
7098	4382
7098	2493
8505	1816
8505	4818
8505	2493
8505	4382
10677	223
3305	1633
7622	9175
3300	4818
3300	251
3300	3306
3300	8020
3302	3308
3302	11647
3301	8020
3301	7219
4818	1029
4818	2494
4818	2493
4818	1525
4818	2846
4818	4531
4818	8820
4818	9995
4818	3535
4818	6250
4818	4916
4818	2724
4818	3532
4818	92
2383	10159
1830	1077
1830	2828
2384	2385
2384	5959
5304	6563
5304	6167
5304	7908
5304	1314
6499	3955
9150	2774
4753	1743
6948	2617
6948	2468
6948	5259
5820	5819
10482	5063
10482	376
10482	2523
7565	1566
7565	1270
9592	390
9592	5773
8953	5654
2417	4294
2417	2411
848	9366
848	3556
2520	3326
2520	4537
2520	4534
2520	4535
2520	6451
2520	2010
2520	3051
2520	9761
2520	6356
2519	1444
2519	6451
2519	2010
4143	7454
4143	6451
4143	1444
4143	2010
7626	1846
2522	3325
2522	4387
4705	6520
5700	6325
5700	4109
5700	8130
5700	9483
7921	6785
1299	1301
1299	1220
1299	2010
1299	1300
1300	2530
1300	1220
1300	3114
1300	1862
3840	2167
3840	3315
3840	1220
1301	459
1301	1862
3633	3356
1431	5765
1431	1415
1431	1414
1430	1428
1430	1415
1430	1420
1430	1419
1430	1416
1430	1414
1430	1422
1430	1423
1428	1415
1428	1420
1428	1418
1428	1417
1428	1414
1428	1421
1427	1415
1427	1418
1427	1414
1427	5765
1427	1421
1427	4719
2817	1102
2819	2023
2549	790
2549	1701
1440	1495
1255	43
10367	1369
10367	3620
10367	3502
10367	3500
10367	3501
10367	4528
1029	1816
1029	2507
1029	240
1029	4317
3856	8568
5137	653
2563	2564
4260	10091
4260	3785
4260	3786
4260	5594
4260	3787
4260	8639
7591	2507
7591	5852
7591	4317
2462	2023
1488	2224
1488	4162
11213	5435
4980	5435
5281	6990
10269	3356
4409	2234
4409	4965
4409	4317
4409	3513
4409	251
4409	1331
4409	3503
4409	3499
6293	7813
4317	1326
4317	4335
4317	4681
4317	3620
4317	4001
4317	440
4317	4138
4317	6785
4317	4399
4317	6427
4317	6294
4317	7850
4317	4136
4317	5112
4317	8295
4317	442
4317	4941
4317	7477
4317	3533
4317	4319
4317	2507
4317	2508
4317	4414
4317	9006
4317	4992
4317	387
4317	1270
4317	2010
4317	3710
4317	1848
4317	92
4411	3945
4411	4412
4411	11351
4399	2507
9454	440
9454	442
9454	5673
9454	3536
9454	6333
9454	4761
9454	3499
4400	3945
4400	10271
4400	8672
4400	11351
7167	223
6593	5015
3945	4413
3945	2984
3945	8672
3945	11351
10970	6038
910	900
3563	5748
3563	2451
3563	4684
3563	5654
3563	7165
3563	1234
3563	9286
3563	6556
3563	63
3563	7290
3563	9688
2302	2310
7165	9286
7165	9287
2101	6065
2102	545
2305	2314
5748	5654
5748	6556
5748	2451
2997	6136
2997	6135
9231	92
6333	10415
2225	1490
2225	440
7360	8772
7360	7147
7360	2987
5502	8772
5502	7147
5502	2987
5213	2766
5213	5773
2425	5451
4492	7846
4492	2734
6909	3749
5048	4299
5048	4294
5048	240
5048	552
2131	2133
2131	2132
126	3467
2134	2135
2136	598
2116	2917
2114	2115
8236	5384
8236	5010
9387	4402
223	5865
223	4079
223	5318
223	1719
223	4748
223	5932
2223	6947
2223	5041
2223	10524
2223	1344
2223	1345
2223	3532
2223	3535
2223	1848
5480	11436
1746	2023
2167	1722
2167	1723
2167	3114
563	4184
10524	6947
10524	5041
5677	4847
5739	11332
572	9688
6454	3620
6454	442
1130	3437
2984	3571
2984	1308
2984	10830
2984	1048
2984	6265
2984	579
2984	6321
2984	7161
2984	6221
2984	676
7813	1847
7813	6476
7813	5323
7813	8845
7813	5354
7813	1848
2498	7161
2498	2796
2497	2493
2497	7161
2496	7161
2496	2796
2495	4681
2495	7161
2494	2493
2494	7161
2493	696
2493	7161
7410	7240
7410	7814
5134	6549
5134	4847
5134	2467
5134	3467
5134	1846
7538	3620
3620	3503
3620	3621
3620	3499
3620	2524
3621	4438
3621	3503
3621	1525
3621	2524
9412	3492
2142	1917
2142	1924
4011	6547
4011	6345
4011	6926
4086	5521
10764	10385
4262	2571
1293	1294
8132	2353
8064	7477
3343	2271
6829	5038
2752	2023
1201	4610
2428	568
2428	7758
2451	9286
2451	5654
2451	6556
1053	696
3513	9688
2264	7469
241	2734
241	552
241	240
2262	50
3178	4320
7850	2010
1812	4335
1812	214
1812	3318
1812	3536
1812	5852
5522	1345
1813	1434
1813	6153
1054	7477
1054	3614
1054	696
1055	8554
1055	9688
3604	4402
3601	4764
3601	4813
3601	2814
3601	8820
3601	9909
3601	9995
3601	7180
3601	6906
3601	5870
3601	5280
6035	9698
4470	3717
4470	7745
2797	3556
2797	2291
2797	5460
2797	6268
2797	5862
2797	6831
2797	2994
2797	2796
2796	3556
2796	957
2796	6831
2796	1711
1743	4414
1743	2814
1743	2010
2798	6831
2798	5613
2798	3556
7307	4299
8929	2674
8929	4965
9502	8995
3530	3529
4861	11123
4861	8554
4414	251
4414	3077
4414	4410
4414	1316
1500	960
1500	6311
4224	6111
2677	2172
2677	7726
2677	10387
2677	2174
6825	9688
4314	440
4314	4772
56	4233
56	54
56	4236
6084	9688
6778	3798
3555	1525
3555	4531
3555	4806
3555	92
1815	1434
216	960
216	4662
216	6122
216	7609
653	5331
653	649
653	7240
653	7814
653	384
3785	5594
3785	604
3785	3786
3786	5594
3786	3787
5594	3787
4297	552
4294	4300
4294	4299
4294	5041
4294	2411
9520	8106
5844	5850
5844	5188
5845	5850
10308	10448
7269	6038
7634	3614
7634	562
7634	7893
8653	222
809	2023
4977	4319
4977	6294
4977	4320
4977	5015
2295	2718
2295	1508
9555	657
9923	1313
3316	415
3316	92
3315	415
3315	2224
3315	3238
3315	92
3318	2224
3318	214
3318	8876
3318	1976
3318	1995
3971	3978
3971	3977
3971	3974
3971	3955
3971	3980
3971	3981
3971	3982
3971	3979
2468	2617
2468	4082
2468	5259
10084	3257
10085	9161
10085	4232
2427	4144
3537	4222
3537	4223
3537	1182
3537	1847
3538	3536
3538	1182
3538	1847
6361	7619
10949	3504
556	1465
8586	5238
6441	3466
6441	4068
8184	2564
8184	10000
8184	6002
8681	2023
3780	792
3780	790
3780	1701
8512	7950
8512	5524
3781	794
2352	2353
4070	15
2814	9329
2814	6325
2814	1244
2814	9483
915	9688
1314	7908
1314	5202
1314	6136
7180	4274
7180	6427
7180	934
7180	1146
7180	6002
7180	9909
7180	1270
7180	6906
7180	5870
7180	935
7180	6701
62	1279
4126	3028
5931	5384
5931	5011
2979	1346
1840	1438
1840	6742
1840	1437
1926	3263
2859	1722
2859	1723
2859	3504
2859	441
3466	8517
3466	891
3466	9684
7481	6990
7481	10385
2004	1313
1119	6325
3496	5612
3496	5269
3496	4765
3496	6236
3496	5963
6563	3955
7540	1118
5187	3402
4761	442
9684	6369
3974	3955
7019	5238
7019	4144
2846	696
2846	3529
5165	6312
5165	9918
3792	6291
3792	4748
1597	4615
11898	3862
11055	10271
11055	11233
9286	5654
9286	9287
9286	6556
441	3504
441	5102
441	1976
441	3323
441	253
220	4403
3294	6038
3294	4847
2524	2561
4389	2070
6099	3167
4101	4100
1612	4709
1443	2467
1443	251
129	960
129	2010
3402	4681
3402	11917
3402	2286
3402	3154
6202	3223
4354	4360
1244	9688
677	579
677	584
676	579
676	5276
676	584
676	384
4402	2766
4402	221
4402	568
4402	5965
4403	9161
4403	5965
6694	4765
4335	4531
4335	3592
4335	1525
236	4482
4179	4132
4179	2709
4179	4144
4179	92
4179	2043
5821	1382
4129	2674
2617	4082
2617	2618
10830	6321
10830	1048
2034	2046
412	3702
412	3499
412	3154
4471	4247
4471	2269
4471	5104
4471	5103
4471	3070
4473	2269
1841	7758
6470	3536
3353	2467
3836	5798
3836	5824
3836	1141
3836	735
3836	97
3836	732
4490	1353
3748	10063
3748	6751
4078	9604
4078	10282
4078	10025
4078	4350
4078	558
3566	1599
3556	9366
2766	7174
10081	4855
8848	4855
4017	692
4017	1565
4017	4055
4017	4162
4017	3529
5269	6236
5269	5963
5269	4890
5269	4765
6153	6884
2763	9210
6451	7482
6451	5202
3728	3727
2412	2411
2411	4300
2411	4299
7745	960
427	429
3323	415
3323	3504
4320	2507
4320	11325
4320	6294
4320	1270
4320	4319
4320	2508
3540	1234
3540	1231
3540	7290
1220	568
1220	4232
1220	10031
1220	1216
1220	3986
1220	5284
1220	118
1220	4682
1220	2530
1220	558
3452	813
4203	6038
6265	3692
579	135
579	5785
4383	5725
7950	5524
6860	8858
6860	9797
8858	9797
3077	2010
3077	4615
3077	4162
4674	792
121	2832
5104	3166
5104	6016
1184	4764
1183	4222
1182	4222
1182	4223
1182	1847
1182	3529
1181	9789
1181	4222
1181	3529
1180	4222
1180	4223
1180	3529
1179	440
1179	4223
1179	6095
1179	4222
1179	3080
1179	6419
1179	6742
1179	1847
1179	4162
1179	92
1179	3529
4887	5384
4887	9688
7403	3820
192	2253
192	3904
192	4104
193	3762
3495	3572
3495	3571
3495	3570
3495	3569
1608	1606
8672	11351
4540	6550
4540	10063
1017	5015
5130	7966
5130	3257
566	562
656	957
656	7490
656	384
656	3446
656	4319
656	960
892	15
892	2198
892	7758
657	5102
657	960
657	2227
660	4491
8568	6664
2008	900
2008	1358
699	4836
696	1231
696	1525
696	4965
696	6295
696	1465
696	4531
696	3535
696	3532
5238	4360
5238	7012
5238	4934
6959	5334
5122	4144
1256	3308
2944	2010
9492	4530
916	917
1682	7893
1861	1860
1861	2530
1861	4020
43	558
43	2828
43	50
2805	2806
5384	5010
6567	6568
6567	845
4965	3612
4965	960
4965	251
4965	6295
6295	2674
4395	6550
6550	10063
5976	6060
5976	6342
4743	6060
457	109
457	6224
6327	6657
4162	4141
4162	3215
4162	3965
4162	2224
4162	4142
4162	4140
4162	4139
4162	3214
4162	4130
9461	11058
9461	8322
9461	7374
11058	8322
11058	6217
11058	6144
11058	4348
11058	6143
11058	6644
11058	377
11058	7374
11058	376
11058	378
3223	4457
3223	7996
3762	1425
3762	1424
2688	3726
2688	3610
4350	558
4350	10025
7671	9698
7671	7240
7490	957
7490	3154
4451	4137
4451	4716
3512	6835
3509	1976
3509	3504
8452	2674
8452	8876
8452	5015
8452	4847
8452	3257
6486	6664
1664	8031
1664	1673
1666	1673
1665	1673
1665	3504
3744	960
5301	5637
5301	5352
5301	7904
7864	11532
4837	8023
4089	5521
5673	2789
3955	2290
3955	6704
4235	4241
1207	2313
1344	6947
1345	5041
1345	6947
1345	3083
3209	2023
4538	277
4538	3504
6356	277
6356	4534
6356	4536
6356	4535
3529	1247
3529	4222
3529	4130
3529	4660
3529	4223
3529	4144
3529	3536
3529	1564
3529	3531
3529	2507
3529	1847
2139	5091
4537	277
4537	6038
6026	6320
6026	222
4079	3154
4079	1900
4079	9498
4079	440
4079	6168
5318	6884
5318	6625
5318	3257
9130	7795
9130	6320
9130	222
9130	545
9130	548
4534	277
4534	4536
4534	4535
4534	3504
4534	6038
4536	277
4536	5648
4536	4535
4535	6038
6257	390
9918	6482
1903	195
1903	4082
1903	434
732	3837
6556	5654
4131	4130
1111	1846
5427	1564
5879	5174
4871	7174
4870	8566
4870	7174
2977	2976
4746	8015
2259	4167
3185	3799
972	868
6143	8322
589	6167
589	8108
589	4137
589	5577
559	558
1707	3894
558	4462
558	2828
558	15
558	17
558	251
558	240
558	3525
558	1722
304	1354
2129	2127
2130	2127
564	4144
564	5280
5280	8495
5280	4068
8020	2404
6625	1041
440	2674
440	442
440	251
440	2224
440	6419
440	8327
440	1900
2485	8632
442	3499
1816	8820
1816	9995
1816	1434
9291	5750
3782	794
2516	545
3536	8327
3536	5852
3148	3592
3149	3492
3535	6947
3535	4144
3534	2507
3533	9006
3533	6427
3532	5041
3532	6947
561	4272
561	6038
562	4144
4440	3717
4440	4497
1726	1727
1976	5554
1976	6182
1976	3504
1976	253
5696	9878
3183	647
3183	6753
3183	8522
3183	2764
4529	3500
6753	647
6753	2764
4531	1525
4530	2370
4530	1525
2764	647
2224	4716
2224	5258
2224	251
2224	4201
2224	1757
2224	3320
4230	4214
4230	1857
4230	1501
5541	2974
11401	11532
3795	6601
92	547
92	4950
10112	2404
10013	2385
2385	6549
1317	1316
1317	4615
645	956
8059	5811
1316	1270
1316	4615
1316	2828
1316	3114
7435	345
7435	6204
7435	9128
7435	5995
4533	2674
4533	4137
4533	1270
4233	4241
4233	2414
7240	6027
7240	7814
3838	735
3838	97
3838	1141
3837	735
3837	97
3837	1141
6785	6406
1437	1529
1313	3798
4144	2669
4144	7012
4144	9253
4144	1847
4144	4184
4144	1848
3696	7462
7827	2827
8772	5665
3502	4528
8845	5323
6060	5622
3238	1757
3235	891
6773	5174
6773	5888
8794	6998
7293	2042
7293	4813
3118	2674
4532	240
4532	7758
240	2342
240	552
2564	8820
6568	845
6568	1141
4213	3953
4213	960
4213	782
4213	9275
7904	5352
11070	8554
3005	277
3005	3592
10942	5015
4319	960
4319	385
4319	387
4319	388
4319	6038
4319	8639
3117	5063
550	547
550	551
551	553
547	900
547	552
547	553
547	4387
547	222
547	408
545	10387
1231	7380
1231	7290
1140	1465
1141	1465
1141	845
552	5054
552	387
553	222
2315	4244
385	408
385	5015
385	409
3154	6254
3154	9498
3154	648
3154	5226
1520	7758
2486	8632
6234	6664
6119	8736
9359	8322
9359	376
9359	378
9359	377
9359	10660
5962	2467
935	934
2790	2791
2674	4778
2674	6713
2674	1757
2674	1581
2674	648
2674	4141
2674	3053
2674	4138
2674	7996
9751	9698
6168	692
8874	7095
4890	4765
5078	5054
5079	5054
222	5064
1757	10954
6341	845
8285	3072
707	5398
74	75
6120	5799
3492	1122
11104	251
4813	1434
2023	1646
4041	4043
4765	6236
7885	2862
4283	7016
3434	6038
4504	2876
4764	6325
4764	7161
4764	4222
4764	6547
4764	6821
4764	1847
4764	1848
10271	4055
2732	11984
2732	2733
8295	2507
1280	1212
1280	1210
1280	1215
1279	1212
1230	1212
1230	960
1230	2163
1278	2163
2663	219
7667	3133
7482	2010
7482	10872
4457	5368
4457	251
4457	3999
5830	2290
5554	17
2530	1860
4410	568
4410	7083
6291	4748
4748	5865
277	5244
277	9997
7986	5323
9275	7244
4475	960
4475	1924
5259	6038
5259	4082
3710	3709
3710	5824
4387	4068
4387	219
4214	9688
4847	1495
4847	8876
4847	1846
6204	9128
9128	5995
9128	8876
251	5902
251	1465
251	2561
251	4723
251	960
251	384
251	3510
251	3602
251	2010
251	4339
251	1906
251	2507
251	1758
50	501
4477	3914
3437	2342
2071	2070
2071	2072
2071	2063
2071	2058
2071	2057
2071	2060
2070	2063
2070	2058
2070	2072
2174	7726
6427	2561
4516	6926
4516	3499
4516	4109
3950	3953
1565	1847
1566	5797
1566	5112
1564	5355
1564	5444
1564	5472
1564	11019
384	2862
384	5112
4184	2043
5052	5062
5054	5077
53	54
53	2153
5610	5382
1528	5529
6144	8322
4348	8322
4348	4068
6165	2044
6165	2042
6165	2043
2487	8632
1593	3477
1593	2523
7062	960
9847	2404
9847	11445
568	4461
568	891
568	3114
568	2314
1465	9
1465	3356
1465	2200
1465	2205
2314	5015
6227	3499
4142	4139
4142	4140
4141	4132
4141	4139
4141	4140
4141	4138
4141	10658
4140	4139
4139	4137
4139	4136
4139	4135
4139	4132
4139	9803
4139	4130
4139	4138
4139	10658
4739	1270
1041	4375
1041	5038
10452	8777
11436	6664
4413	11351
8633	9688
6038	4881
6038	4201
6038	5368
6038	4202
1346	1353
1350	1352
369	388
9	2286
9	1100
5811	2704
960	4992
960	958
960	3127
960	4181
960	957
6406	6405
8876	1495
8876	9151
8876	7238
3802	3801
5382	2829
2830	2829
2829	6678
2829	7516
2829	8852
2829	7115
6678	4541
2828	1102
5850	8639
5850	5188
2290	2291
5876	2127
5284	4707
2345	2208
9445	692
9445	1369
8639	1846
2734	5045
2734	5188
7335	2404
2704	6246
2704	10838
6642	2404
7996	5368
7996	1847
7996	3999
8827	2289
8827	2292
5831	4762
5804	7889
253	3504
2340	6547
2340	6345
2340	6926
1433	2010
7016	5451
4478	5015
5691	1122
2858	6853
5063	3356
5063	1846
10033	3356
3127	5112
10282	10025
1234	7290
1847	5323
1847	4941
1847	1848
5112	5648
5112	3072
1848	6947
1369	692
6926	6994
6926	2911
6926	4109
3356	962
9698	6993
5472	9878
54	2153
1121	891
1495	9151
1495	387
1495	3592
1495	7238
1581	4138
1270	4001
1270	2507
1270	1508
3503	3499
3503	1303
3503	1306
2993	7489
759	1309
1303	1308
1303	1306
1306	1308
1308	1309
1308	1048
4681	2507
409	387
408	387
9878	5444
9878	5766
7900	4037
7900	4036
6947	5041
529	3722
5202	3628
5202	2010
980	4299
11917	3365
2832	5664
10166	9092
4050	6136
1995	1996
1724	891
7758	3835
2507	4992
2507	2508
891	15
5015	7587
2940	3504
4299	5865
9425	2010
2342	599
2342	2010
9483	6325
9483	4109
6325	4109
4716	4201
2128	2127
9688	5761
2373	704
7462	3671
4104	2253
387	5824
1599	1594
11123	8554
4253	3114
3020	3018
4137	1329
4137	4130
4136	4132
4136	4138
4136	10658
4135	4132
4135	4130
4135	4138
4135	10658
4132	4138
4132	10658
4138	10658
5799	5798
1899	2912
1899	2911
1899	6993
6136	6135
378	8322
378	7374
378	10660
6993	2913
6993	2914
6993	2912
2913	2912
2913	2911
2914	2912
2914	2911
2912	6994
2912	2911
6994	2911
7374	8322
7374	376
7374	377
7374	10660
376	8322
376	10660
377	8322
377	10660
10660	8322
