5551	1018
5551	7916
5551	4401
8433	1438
2007	6192
2006	5506
2006	370
2006	5257
3172	3484
5400	3831
6557	11710
127	1320
127	1504
2003	6101
11485	6987
11485	11703
11485	11708
11485	6330
7646	11710
7646	11709
7646	11703
9229	2526
10022	1016
10022	6394
10022	6101
8578	2762
9505	1049
8142	51
8142	4409
8142	10632
8142	4403
8142	4401
8142	934
8751	6826
569	1721
569	6119
569	4862
10780	2311
10780	6850
10780	3574
6161	9789
4008	1437
4008	2498
4010	2862
4010	10487
4010	3214
4010	10308
4010	5893
4010	5058
4010	830
4010	8586
9884	4219
9884	583
4834	7098
10290	11703
10290	11708
10290	11710
10290	6987
10290	6826
10290	5866
2478	8590
2478	2668
7327	9353
7327	9430
7327	7948
10590	6987
10356	1438
372	386
372	388
9898	7935
927	1437
928	6394
951	6525
951	8919
951	3285
951	898
951	3320
951	5992
951	10308
951	1944
951	952
951	8166
951	4242
951	6803
952	8919
952	9928
952	10750
952	6565
952	5992
952	10308
952	1463
952	1944
952	7560
952	9466
952	6078
952	8166
952	4242
952	6803
3127	8596
3127	3191
2453	10044
2453	3447
2453	1193
4357	6834
4357	10730
4357	5142
4357	10179
4357	2309
4357	2277
4357	7736
4357	5342
4357	8249
7858	10377
2824	7011
2824	2624
2824	9624
2824	3734
5377	11710
5377	2502
227	10477
4664	11407
6690	4971
6789	7013
6252	8008
7659	6781
1648	8262
7575	2117
7575	2080
7575	8869
11759	8779
8845	8754
8845	9624
8845	4341
8845	8624
8845	3288
8845	3574
8845	7996
9011	1669
1731	8274
1731	1094
1731	11703
1731	7952
1731	8513
1731	6119
1731	3831
1731	2920
1731	1928
8455	8554
3975	9408
3975	6826
3975	4543
3975	3574
3975	2497
2243	8262
2243	3788
5462	4175
386	409
3489	6531
3489	6265
5920	2526
5920	9970
5920	3388
3391	3380
3236	7554
3236	3462
3236	3831
10243	9706
6288	7464
9896	11704
9896	11709
9896	11708
9896	11710
9896	4175
9896	6401
9896	3574
9896	3010
9570	11703
10917	4941
5176	6401
5176	11155
5176	10483
5176	8074
5218	4115
7963	7554
2443	9757
2443	4934
8602	9624
8602	2277
8602	7054
8602	8787
5321	5709
5321	6302
5322	5354
5322	235
5322	511
5322	10023
2442	6410
2442	4938
2442	113
2442	9501
2442	2526
2442	1202
7463	7119
7119	11710
7119	6169
7119	3556
7119	3972
11176	5501
955	8262
955	4857
7756	9624
8316	9757
760	5992
760	8604
760	4175
760	687
760	3556
760	6301
760	11704
760	643
760	3574
760	2525
760	222
7748	8779
7748	6394
2590	11710
2590	11705
2590	11704
2590	11703
2590	11708
6152	8024
6152	7915
6152	4138
6152	4862
6152	2803
6152	2387
6152	1773
4170	4598
4170	2526
4170	6401
4170	3574
4170	11703
4170	1016
4170	7372
4170	137
4170	4175
4170	8287
4170	8074
4170	8787
4170	4219
4170	4342
4170	5142
4095	9049
4095	3843
4084	9049
849	3788
9442	4175
9442	3556
9442	9328
9281	3848
11074	459
11074	113
11074	2502
11074	4341
4046	6386
4046	4760
4046	10054
4046	4630
4046	113
4046	5491
4046	6327
4046	4395
4046	5541
4046	780
4046	781
1193	6937
1193	346
1193	6582
1193	3156
1193	9005
10547	8108
7578	5142
7578	2526
4023	2526
4023	3831
8514	11704
8514	11709
8514	11703
8514	11710
8514	7554
8514	3831
655	2953
655	9956
7751	1232
1892	3788
1891	3128
1204	9626
10625	9624
3478	4938
3478	2036
10046	4938
10046	2036
10046	8074
5808	4175
5808	3556
9942	9194
9942	10189
10516	3288
10516	1438
4578	11703
1133	8696
1133	8764
9743	5849
9743	8986
9743	4341
9743	4342
8405	7554
5457	5455
9691	4766
9691	3831
9691	6316
5455	5879
5455	5249
5455	563
5455	4493
5455	3981
5455	2594
5455	3306
5455	3359
5455	5002
5455	6114
5455	10083
1595	3612
1595	7228
1595	6084
1595	113
1595	5232
1595	3574
1595	2311
1595	220
1595	2594
1595	2309
1595	2387
1595	7281
4522	9684
4522	3574
1488	7339
1488	3286
1488	3381
1488	882
1488	8513
1488	1672
1488	5542
1488	2225
1488	4451
1488	4452
1488	8586
1488	243
8399	2497
10804	5627
10804	7198
627	4342
10422	7033
10522	3848
6439	4460
10256	3361
9891	11976
9891	5013
9891	5656
9891	3788
9891	9969
9891	2526
9891	4543
9891	4066
5846	11710
5846	11703
5846	6873
5174	10158
5174	5374
8287	5873
8287	4328
8287	4532
8287	5541
8287	934
8287	8262
8287	11703
8287	5575
8287	6333
8287	3205
8287	459
8287	3285
8287	2338
8287	10274
8287	4759
8287	8384
8287	110
8287	6139
8287	714
8287	6525
8287	3700
8287	9268
8287	5893
8287	4344
8287	6550
8287	7013
8287	5394
4732	4175
4732	4341
4732	4972
4732	4319
4732	134
4732	7384
4732	8709
4732	9140
4732	1118
5467	2315
5467	5949
5467	3574
5467	5728
5467	11704
5467	11709
5467	11708
5467	3556
5467	11247
5467	2709
5467	8074
5467	7841
5467	4175
5467	6628
5467	2309
5467	9140
5467	8787
5467	6168
5467	113
5467	4129
525	7554
11123	9579
10973	6394
1538	7554
1336	10218
1336	3163
1336	5701
1336	6275
1336	7019
1336	4341
1336	4342
1336	11906
10325	9624
10325	3487
7832	896
8235	5508
8235	5988
8466	2526
8574	9832
5271	8661
7986	5688
7986	2386
7986	4862
3860	113
8172	3748
3571	5905
3571	3572
8510	2532
8510	459
8510	1437
8510	2387
6011	76
6011	6130
6011	2291
6011	9323
6011	1159
6011	3417
6011	10324
6011	11243
6011	1968
6010	2311
6010	7054
4839	9408
9970	5236
9970	5728
8201	2525
8201	6101
9059	1042
9059	9288
9059	3953
9059	10800
9059	4085
9059	9323
9059	2387
9059	3115
9059	8249
9059	9620
9059	5648
9059	10184
9059	9851
9059	6640
9059	9329
5563	4392
6162	6101
8895	5506
8895	6333
8895	7401
8895	4405
8895	8026
8895	5950
8895	4297
6494	11710
1442	7554
4090	11842
4090	5013
3487	1076
9510	3848
11269	3286
11269	3285
11269	3976
11269	113
11269	3974
11269	10374
11269	2767
11269	6283
11269	10477
11269	4960
11269	8249
11435	9684
11435	11704
11435	6826
11435	2502
11033	11703
3577	1437
3577	1438
9612	11704
9612	11709
9612	11703
9612	11710
9612	11705
9612	5949
2653	9173
8779	10218
8779	7649
8779	1255
8779	5897
8779	9140
8779	586
8779	4848
2952	4862
2953	5897
10308	113
10308	3788
10308	581
10308	6637
10308	3118
7634	6394
1362	1465
10836	6325
10836	11708
10836	11705
10836	6826
10836	6401
10836	7818
7464	7081
7464	10970
7464	5314
7464	3788
7464	3953
7464	11230
7464	2277
7464	10158
7464	113
7464	6035
7464	10537
7464	3950
7950	8512
7950	5656
10002	6826
10002	2502
6524	11703
9995	11704
9995	11703
9995	10997
9995	11710
9995	11705
9995	3543
6737	521
6737	522
6247	6141
6247	4345
6247	4960
6247	1438
7952	11710
2081	6394
4175	2703
4175	4862
4175	6646
4175	7807
4175	7927
4175	7541
4175	7262
4175	9342
4175	10659
4175	3407
4175	2913
4175	7948
4175	2044
4175	10860
4175	6283
4175	6067
4175	7108
4175	5508
4175	243
4175	4960
4175	9113
4175	3813
4175	10039
4175	2386
4175	676
4175	7729
4175	1235
4175	8268
4175	2158
4175	616
4175	11304
4175	10382
4175	4145
4175	9119
4175	3359
4175	1288
4175	6743
4175	10415
4175	3559
4175	4934
4175	5013
4175	2500
4175	2338
4175	1374
4175	4857
4175	4597
4175	345
4175	7736
4175	5973
4175	11412
4175	2392
4175	3235
4175	10490
4175	3118
4175	6670
4175	10201
4175	9619
4175	681
4175	1671
4175	5279
4175	1465
4175	11450
4175	6119
4175	8695
4175	1055
4175	7649
4175	9013
4175	7352
4175	6264
4175	9060
4175	8127
4175	2566
4175	2779
4175	7684
4175	3286
4175	7604
4175	11097
4175	4916
4175	388
4175	2477
4175	113
6140	5371
6140	6394
8678	1135
1135	1136
1136	893
4179	2044
2638	57
211	2497
6466	5673
11706	5542
11706	3163
11706	5949
11706	2920
11706	6119
11706	528
11706	2526
11706	10477
11706	10797
11706	8074
11706	1928
8741	3831
9626	4872
8582	8430
11806	3467
10686	9032
10686	3556
10686	2311
10686	10374
10686	7365
10686	5371
10686	3574
10686	6394
10377	7807
10377	9911
10377	7289
10377	930
10377	10800
10377	9400
10377	5180
10377	10008
449	7532
7749	7540
7749	5021
4318	8489
4318	2526
11038	6523
9708	3848
5828	9827
5913	3510
5913	7013
3017	9032
8164	4934
7686	8262
7686	3788
7686	7562
7686	3865
7686	2147
7686	3359
178	6987
5144	5146
4319	6431
4319	6084
4319	4568
4319	4813
4319	7198
4319	10483
4319	10218
4319	7989
4319	9179
4319	10800
4319	3848
4319	3205
4319	4934
4319	1721
4319	8458
4319	9959
4319	5560
4319	6035
4319	3245
4319	3246
4319	8026
8624	1081
8624	5627
8624	6670
8624	7826
8624	5518
8624	9079
8624	3320
8624	2771
8624	8092
8624	8458
8624	6420
8624	7615
8624	676
8624	8581
8624	6640
1228	8262
1228	11591
1244	3788
255	11710
5969	4088
7013	6084
7013	7653
7013	6933
7013	3118
7013	5674
7013	7234
7013	5058
7013	5879
7013	2291
7013	3953
7013	7993
7013	2277
7013	10158
7013	7805
7013	1364
7013	402
7013	2387
7013	1996
7013	1159
5108	4341
4329	4326
4328	5703
4328	4305
4328	7234
4328	3574
4328	11662
4328	4836
4328	2242
4328	2277
4328	9333
4328	1996
4328	2971
4328	3734
3973	3972
4326	4305
4326	4836
4326	9333
1321	5673
10487	113
10487	6068
10487	6093
10487	10633
10487	2526
10487	6850
10487	2525
10487	3556
10487	9173
10487	9352
10487	8883
7301	11710
7301	11709
7301	3574
9264	9706
2869	2526
10961	6826
10961	7841
10961	6394
5204	9610
10932	3848
8146	4887
10483	5688
10483	10860
10483	8884
10483	9323
10483	5158
10483	7198
10483	9003
10483	5021
10483	3359
10483	8274
10483	7054
10483	6610
10483	11703
10483	5259
10483	6109
10483	1225
10483	10958
10483	459
10483	2387
10483	1202
10483	4202
10483	3285
10483	4550
10483	4760
10483	588
10483	8202
10483	2311
10483	2660
10483	1029
10483	1232
10483	4162
10483	4597
10483	5645
10483	9140
10483	222
10483	2532
10483	8787
10483	10039
10483	7415
10483	9959
10483	6427
10483	9991
10483	9851
10483	10537
10483	2594
10483	2762
10483	4766
10483	10608
10483	3306
6048	10189
5567	5966
6310	5866
4540	3361
4540	5416
4540	4598
10403	6826
10403	3574
6190	3361
5012	9081
5012	2526
5012	4088
10009	7372
9579	9610
9579	1055
9579	6491
7887	6184
5946	780
4192	5280
11222	3361
11222	1438
6067	5992
6067	3556
6067	528
6067	3574
2439	5673
2439	3788
2320	2526
2320	3831
2320	433
2320	9194
4173	4172
4172	11126
2973	5491
2973	4227
11749	6826
11749	4184
2803	2802
2803	8660
2802	7921
2802	934
2802	1771
10958	5992
10958	2526
10958	9408
10958	7054
10958	6826
10958	1202
10958	5491
10958	2660
10958	8414
10958	11976
10958	6168
10958	4342
10958	4543
10958	3734
5427	7234
5427	9329
3120	6394
4549	11703
4550	6826
4550	5560
1520	5966
6787	6101
1178	11703
5472	8149
4099	7386
3491	5836
3491	5021
1397	7554
4466	5469
4466	8262
4466	10736
4466	8605
4466	5403
4466	3632
4466	7667
4466	9342
4466	1159
4466	3359
3863	8613
3863	113
3863	7736
3863	2762
3863	4960
4460	5879
2970	9140
2970	1928
7339	5951
7339	2311
7339	2277
7339	8787
7339	7841
11229	9268
11229	1232
11229	10136
1128	4219
1129	2138
390	113
390	4938
390	4341
390	11330
390	2277
390	3848
390	7688
390	7669
11128	8787
5641	5879
5641	113
5641	4862
5641	2502
4152	10550
4493	5879
4493	6411
4493	5568
4493	137
4493	5188
4493	4492
8200	5673
8200	8471
8200	5645
8200	11589
8200	11289
8200	4575
8200	4567
8200	4342
8200	4836
8200	11712
4378	6781
4378	10750
4627	11704
4627	11703
4627	11708
4627	11701
4627	11710
4627	5587
4627	11705
4627	6987
4627	6826
4627	9791
4995	7841
6314	11710
6314	11709
7413	7054
5904	4880
5904	2709
5904	3574
9793	6431
6174	3610
6174	4310
6174	3574
4448	10629
5360	3788
5360	6573
5360	10781
5360	5541
1715	308
1715	6330
1715	10205
1715	7054
1715	6394
521	9711
521	10634
522	8787
522	9194
522	6101
7807	6564
7807	4184
7807	3731
7807	6401
7807	4342
7807	10272
7807	10218
7807	6781
7807	6137
7807	7688
7807	899
7807	3343
7807	2311
7807	10374
7807	11155
7807	8646
7807	8787
7807	4341
7807	9610
4253	7841
4253	9927
5422	2345
5422	5949
1042	11709
1042	6168
1042	5992
1042	2277
1042	2525
1042	6401
1042	3574
4717	6987
4717	5558
9446	4219
4872	9032
4872	4296
4872	6523
4872	7229
4872	9173
4872	11307
8644	6091
8644	1984
6530	4543
6530	5992
767	6101
3574	4862
3574	9684
3574	3972
3574	8493
3574	7198
3574	4291
3574	9003
3574	10218
3574	5249
3574	6109
3574	1225
3574	459
3574	7336
3574	8819
3574	8374
3574	7884
3574	4960
3574	9959
3574	8919
3574	3813
3574	4587
3574	8941
3574	2594
3574	8202
3574	10031
3574	370
3574	6203
3574	9323
3574	941
3574	3359
3574	10729
3574	5772
3574	8576
3574	6670
3574	9832
3574	7795
3574	2767
3574	9842
3574	2386
3574	5897
3574	9911
3574	2338
3574	1438
3574	3191
3574	9263
3574	3368
3574	9903
3574	7684
3574	1455
3574	2498
3574	3238
3574	6401
3574	5002
3574	10860
3574	7423
3574	5254
3574	7610
3574	425
3574	4202
3574	7126
3574	1721
3574	2143
3574	3239
3574	2277
3574	10416
3574	1055
3574	8458
3574	2888
3574	6114
3574	9013
3574	11454
3574	10690
3574	6264
3574	6405
3574	7640
3574	8528
3574	5021
3574	8951
3574	8262
3574	4690
3574	3788
3574	7736
3574	10800
3574	3848
3574	6092
3574	7841
3574	8471
3574	3285
3574	11239
3574	1234
3574	8288
3574	3366
3574	780
3574	113
3574	9991
3574	5508
197	6826
197	4341
197	6401
197	110
6594	11709
6594	11710
6594	3556
6594	5948
6594	6394
3037	6394
4740	2532
4740	3453
4740	3205
4740	10132
4740	3002
4740	3981
4740	6165
4740	2762
4740	459
4740	5021
4740	1424
5243	7541
5243	10537
5243	9339
5243	4960
5243	7336
5243	1490
9370	3361
1395	6385
2275	5142
2275	11976
2275	3734
2275	3298
6109	10669
6109	6564
6109	2526
6109	5728
6109	11704
6109	11710
6109	9408
6109	6826
6109	4002
6109	9173
6109	2502
6109	1202
6109	10223
6109	5013
6109	2894
6109	2660
6109	11976
6109	4543
8234	6394
8463	4959
8194	3556
8194	2714
8194	9927
7777	1438
1100	1159
5075	1391
5692	1721
6141	6564
6141	9408
6141	5560
6141	4206
1865	279
1865	10338
1527	6397
7581	8489
4642	2502
4642	8593
4642	11703
4630	8471
9167	1721
9167	1437
6030	4138
10126	3795
11425	3239
11425	8764
3817	7921
8374	5702
8243	5298
205	5799
1930	6085
1930	5842
8291	1923
785	6462
785	1272
785	3982
785	8976
785	7384
785	3978
785	3977
1928	1564
1928	11978
1928	9791
1928	6394
1928	1687
1928	11704
1928	11709
1928	11708
1928	4938
1928	3788
1928	5948
1928	4988
1928	10837
1928	9500
1928	8074
1928	4341
1928	11710
1928	6055
1928	11705
8919	9624
8919	6168
8919	4342
8919	7054
8919	5142
8919	6826
8919	4836
8919	8787
7884	8764
7884	9791
7884	5992
7884	5587
7884	9408
7884	6394
7884	5728
7884	11704
7884	11703
7884	11710
7884	11705
7884	6826
7884	4002
7884	2502
7884	6987
7884	4341
7884	5560
7884	9706
2964	9173
7685	780
10039	8764
10039	3163
10039	2526
10039	7198
10039	9408
10039	5728
10039	11704
10039	11709
10039	11703
10039	11708
10039	11710
10039	5949
10039	10860
10039	6826
10039	5013
10039	8074
10039	2502
10039	6873
10039	9624
10039	8414
10039	9140
10039	11976
10039	8787
10039	4341
10039	9201
10039	6401
10039	11705
3426	8596
3426	6768
3426	6478
3426	1046
3426	2386
6650	6363
6650	7480
3429	9173
3428	1438
10019	2549
10019	6089
4309	11704
4309	11709
4309	11703
4309	11708
4309	11710
4309	2502
9566	2793
313	485
313	5454
2594	9315
2594	50
2594	5568
2594	6987
2594	4341
2594	2277
2594	2311
2594	6401
2594	2309
11528	6987
1235	3556
1235	1234
1236	1234
8821	7996
5506	5667
5506	5494
5506	5954
5506	3010
370	3384
4689	9032
4689	3831
4689	4219
4689	1390
10481	8787
2429	10130
2429	5902
11304	6436
3682	4543
9711	2526
9711	2696
282	3320
281	3320
7932	6170
3657	11703
91	4219
9516	4088
638	3831
2525	10736
2525	4900
2525	3320
2525	6333
2525	158
2525	10800
2525	2547
2525	5416
2525	8430
2526	7541
2526	11647
2526	2319
2526	6187
2526	7262
2526	8590
2526	3407
2526	2989
2526	3637
2526	11381
2526	6121
2526	10860
2526	10983
2526	7791
2526	4960
2526	9140
2526	10773
2526	10136
2526	3118
2526	9706
2526	4766
2526	4862
2526	9323
2526	1672
2526	4598
2526	3288
2526	6316
2526	10729
2526	8576
2526	6670
2526	10415
2526	9432
2526	11230
2526	1240
2526	9822
2526	5013
2526	7175
2526	4857
2526	1211
2526	563
2526	4597
2526	5469
2526	3377
2526	11035
2526	9122
2526	11585
2526	2573
2526	11356
2526	11978
2526	1506
2526	8064
2526	6128
2526	3522
2526	8736
2526	4988
2526	5130
2526	4528
2526	5036
2526	1860
2526	918
2526	6253
2526	7850
2526	8762
2526	2021
2526	581
2526	4345
2526	6986
2526	3376
2526	5453
2526	3806
2526	2566
2526	11704
2526	11709
2526	11708
2526	11710
2526	11705
2526	5949
2526	5948
2526	3953
2526	7564
2526	11553
2526	10985
2526	4916
2526	10570
2526	10565
2526	4233
2526	11219
2526	1320
2526	5711
2526	5396
2526	8976
6928	11247
6928	4296
6928	5665
6928	2508
9393	5021
7604	3418
7604	3163
7715	9624
3361	1566
3361	7567
3361	3976
3361	3974
3361	9833
3361	6741
3361	7126
3361	9069
3361	4088
3361	10231
3361	3359
3361	10659
3361	6590
3361	10445
3361	9779
3361	672
3361	2297
3361	3364
3361	11071
3361	346
3361	3369
3361	2338
3361	7068
3361	5123
3361	979
3361	8249
3361	2354
3361	6967
3361	5931
3361	2848
3361	9013
3361	6454
3361	5893
3361	1565
3359	6325
3359	5992
3359	6564
3359	4310
3359	4598
3359	6401
3359	6826
3359	642
3359	2557
3359	7703
3359	4938
3359	10415
3359	3556
3359	4199
3359	4836
3359	588
3359	573
3359	6625
3359	6628
3359	10158
3359	9624
3359	9368
3359	4341
3359	4184
3359	2311
3359	4296
3364	9710
3364	7031
3364	8661
3362	5992
10316	11703
10316	11710
10316	11705
10316	4559
10316	2502
473	10189
1555	5902
10295	3865
2609	2984
2609	2557
5838	932
5838	6781
4034	4184
4034	3001
9432	6826
9432	9624
9432	11703
9432	11708
9432	11705
9432	2660
9432	5866
2358	7172
2358	5394
2357	3788
5232	11976
5232	4415
5232	4409
5232	6987
5232	10118
5232	2667
5232	3288
5232	10142
5232	1201
6248	7011
6248	2294
6248	2293
6248	2292
6248	2291
6248	2289
9421	8764
7993	10158
7993	5284
7993	2311
7993	5674
3663	6987
8376	7554
8677	3556
815	7554
815	3831
8630	5879
8630	4341
8630	2311
8630	3848
8630	1986
8630	1437
8630	3734
5257	6683
5257	9315
5257	11662
5257	5254
5257	6440
5257	11194
5257	9204
5257	10963
5257	4344
5257	1586
5257	10343
5257	5080
10177	2714
3462	7892
3462	7937
3462	4906
2567	1682
2567	3556
1479	5491
2388	4097
3651	6987
10477	11978
10477	11704
10477	8743
10477	3163
10477	1255
10477	11710
10477	11705
10477	5949
10477	4988
10477	6826
10477	4342
10477	11709
10477	9791
5388	8656
10972	11703
3583	6826
5469	5673
6748	9706
6168	374
6168	3953
6168	3205
6168	7841
6168	6793
6168	6993
6168	8202
6168	10031
10235	5142
10235	8900
10309	11710
10309	11709
7033	11704
7033	11703
7033	10750
7033	11710
7033	5134
7033	5656
8802	7173
5142	6440
5142	8672
5142	5667
5142	1455
5142	6635
5142	9268
5142	8221
5142	10800
5142	6395
5142	2361
5142	8586
166	11710
166	9791
3245	3250
3245	10062
3246	9201
3246	5402
3244	9201
7945	7898
7945	4938
7945	6564
7945	3556
7945	2894
7945	9927
1455	7516
1455	6394
8126	11704
8126	11709
8126	11703
8126	11708
8126	11710
8126	11705
8126	8074
8013	11703
10818	6394
2392	3556
164	11710
164	11704
164	11709
3748	4166
3748	3556
3748	4342
3748	6967
3748	6394
8058	4344
6573	10629
6573	4409
6573	10494
6573	3788
6573	581
6573	7165
6573	3848
6573	6550
6573	3498
6573	11999
4659	7805
4659	8350
4659	5101
4659	9779
4659	6165
4659	10011
10201	3556
9208	1016
9208	5667
2012	9624
2012	11710
2012	11709
2012	5728
8736	7352
8736	6119
9004	6987
8906	4623
3059	9989
3059	11703
5971	5541
10062	4332
10062	113
7178	9624
7178	2771
7178	6564
7178	896
7178	5954
7178	4129
7178	1202
4577	8471
4577	11704
4577	11709
4577	11708
4577	11710
4577	4567
4577	10015
4577	8587
11589	8471
11589	10985
11589	10015
10248	11710
1049	10218
1049	1490
1049	5053
1049	7744
1049	694
1049	8249
1049	7841
1049	2387
8626	4219
5475	4088
7626	3305
11408	9647
7484	9757
2881	3556
2297	2502
2297	6394
2297	253
425	11709
425	47
425	11708
425	11710
425	6826
425	11703
9829	6394
5203	3418
5203	4532
59	4097
9589	9929
1137	4162
1137	8024
1207	1205
1207	2141
1207	1206
1206	3848
1206	4335
8699	8754
3255	8489
1721	6564
1721	1923
1721	6106
1721	3556
1721	9049
1721	5188
1721	2345
1721	1296
1721	6170
1721	113
1721	2387
1721	7669
7273	7150
588	6518
588	6035
588	4902
588	1682
5093	6035
5093	113
5093	6394
5093	4941
1953	5423
3305	9956
8661	7667
8661	6668
8661	6768
8661	4405
8661	4568
8661	6683
8661	7916
8661	3390
8661	6493
8661	11712
8661	6080
8661	1288
8661	8149
8661	4857
8661	1232
8661	581
8661	4403
8661	4401
8661	8696
8661	1867
8661	8026
3632	6826
3632	11976
3632	1076
3632	7669
3632	9408
3632	2660
3632	4543
3632	9333
2982	7653
10416	6826
10416	11709
10416	11703
10416	11710
10416	3848
10416	2502
5652	9757
2660	9323
2660	7228
2660	6057
2660	10800
2660	10860
2660	9851
2660	1055
2660	7934
2660	7989
2660	459
8414	10860
8414	6119
8414	1232
8465	8409
9943	4184
714	6401
6114	51
6114	4341
6114	4342
6114	4836
6114	9173
6087	45
6087	43
6087	705
9644	7054
7023	3981
7023	7946
7023	6462
893	7289
3453	3788
6462	3788
6462	7384
9268	9408
9268	529
9268	528
9268	4219
9268	900
9268	3734
4365	5905
7470	6987
11153	8489
5842	5188
5842	4753
581	896
581	2771
581	9231
581	4561
581	2311
581	2309
581	674
581	9969
5905	10541
5905	5456
5905	3734
12056	3604
9610	587
9610	3320
9610	10338
9610	6535
9610	1255
9610	5189
9610	6752
9610	10223
9610	9410
9610	4862
9610	563
9610	4960
9610	9113
9610	3419
9610	7352
263	6564
263	270
534	3848
7623	3831
3203	5508
2152	3848
2596	7744
8743	4960
8743	5371
8718	3556
3163	11978
3163	9323
3163	5667
3163	11330
3163	2142
3163	11704
3163	4988
3163	974
3163	1317
3163	10860
3163	6283
3163	10837
3163	10223
3163	6119
3163	4960
3163	8249
3163	12006
3163	3124
3163	9013
3163	3948
3163	11710
3163	1122
8884	11837
8884	5950
8884	7554
5702	6826
5702	5587
5702	2277
7645	4342
4188	2502
4188	9408
7552	3556
7552	1438
7552	4341
6683	8787
6683	7653
6683	3379
1186	10218
7117	705
3321	2347
3740	3848
2384	11710
2384	7759
2384	11703
4668	7516
4668	5382
454	5382
8887	6826
4794	11710
4794	3848
11138	6987
6648	5879
6648	4425
6648	7554
6648	3788
6648	3431
6648	6137
6648	3010
3519	528
3519	9757
1064	4409
1064	1225
3848	5118
3848	11770
3848	6741
3848	7198
3848	2666
3848	6724
3848	10890
3848	8262
3848	3650
3848	3788
3848	5021
3848	8059
3848	4614
3848	654
3848	2436
3848	1201
3848	4848
3848	1202
3848	3061
3848	2277
3848	5234
3848	3460
3848	3471
3848	243
3848	6719
3848	7845
3848	7337
3848	8458
3848	9375
3848	7478
3848	2252
3848	9827
3848	9052
3848	1463
3848	1867
3848	6670
9757	7554
9757	3556
9757	4341
9757	4342
9757	3515
9757	7736
9757	5180
9757	7841
9757	6101
1949	4862
7191	1159
6702	494
4971	5873
4971	6518
4971	10066
9247	4219
9247	5447
9247	4598
9247	7403
10662	5423
6440	9315
6440	10158
641	8138
3124	11710
3124	11709
9078	7243
10985	4567
10985	10015
8092	8787
4605	11976
4605	11709
4605	11710
4605	1076
4605	2502
3290	6101
4599	1437
3367	2309
3366	6628
3366	2309
3366	4341
3366	2277
3366	2311
7368	11710
7368	8262
7368	3788
7368	8074
5423	563
5423	2386
4016	11704
4016	11703
4016	11710
4016	6987
4016	6826
4016	5909
4016	1923
4016	5222
4016	2502
4016	6394
6895	10374
6895	2726
7954	7554
4227	3831
3418	4532
2256	11710
898	6826
898	3010
10881	9624
10881	6987
10881	11703
11032	3556
3159	3447
6404	7827
7567	7669
7567	5949
9944	11710
9944	11705
9944	2502
9944	11708
4341	5048
4341	5259
4341	8407
4341	9209
4341	8314
4341	10860
4341	1225
4341	51
4341	9524
4341	6363
4341	7805
4341	243
4341	1189
4341	7822
4341	676
4341	2971
4341	8202
4341	1565
4341	9323
4341	906
4341	5674
4341	10729
4341	9928
4341	6943
4341	5460
4341	4597
4341	7615
4341	11035
4341	1490
4341	3118
4341	9417
4341	850
4341	1965
4341	680
4341	11758
4341	374
4341	3002
4341	4202
4341	6119
4341	4759
4341	9013
4341	9851
4341	4345
4341	4563
4341	1669
4341	10595
4341	6871
4341	7951
4341	10204
4341	11553
4341	6938
4341	113
4341	9991
4341	6640
4342	2792
4342	9417
4342	8528
4342	5249
4342	9410
4342	3239
4342	5165
4342	7372
4342	4532
4342	3288
4342	5048
4342	4297
4342	11063
4342	2862
4342	7951
4342	11758
4342	10372
4342	10232
4342	1390
4342	9719
4342	1159
4342	7841
4342	4451
4342	51
4342	5542
4342	10632
4342	2277
4342	4251
4342	243
4342	7337
4342	7784
4342	9052
4342	113
4342	9329
4342	8820
4342	9991
4342	4345
4342	8695
4342	3497
4342	3118
4342	9909
4342	7396
4342	5202
5560	6411
5560	7859
5560	7772
5560	6410
5560	6819
5560	4389
5560	3475
5560	459
5560	4415
5560	11330
5560	8144
9991	9624
9991	4938
9991	4598
9991	2311
9991	11709
8581	2502
4094	4097
6825	1320
7818	5249
7818	670
7818	7772
7818	7054
7818	9176
7818	2387
6507	6092
6507	4855
4151	4959
4151	8384
308	6035
308	8969
308	1678
308	4851
308	694
308	5180
882	3320
882	4415
882	2277
5818	110
3960	9028
5158	11703
5158	11976
5158	1331
5158	5992
5158	11710
5158	6728
5158	7527
5158	5491
5158	4543
5158	1202
8348	2825
2117	7554
2117	8093
7234	5879
7234	6120
7234	3955
7234	5118
7234	2309
7234	7414
7234	5013
7234	10048
9082	4360
10130	10223
10130	5249
10130	10349
10130	9410
10130	7729
10130	6993
7255	5122
9392	9624
9392	4219
9392	6826
9392	137
9392	9449
11844	5122
11844	7784
8712	10800
8712	2271
3262	10970
3407	642
3407	11704
3407	11703
3407	11710
3407	3556
3407	5949
3407	7564
3407	11709
3407	10837
3407	8074
9209	9624
9209	7054
9209	6401
9209	5954
5311	7554
5311	2877
5311	1437
5311	6202
5311	563
529	5491
529	7562
529	11446
529	1441
528	7822
528	8149
528	6333
528	10837
528	3634
528	8811
528	6967
528	6394
528	3087
8304	8764
6826	9684
6826	5587
6826	3972
6826	7198
6826	9003
6826	4960
6826	5249
6826	974
6826	10860
6826	8987
6826	459
6826	10352
6826	11230
6826	5645
6826	8546
6826	243
6826	7337
6826	2532
6826	1841
6826	1996
6826	1122
6826	5080
6826	4604
6826	5118
6826	4643
6826	10729
6826	2387
6826	8853
6826	4142
6826	7739
6826	9221
6826	8971
6826	3620
6826	3118
6826	7212
6826	5254
6826	3963
6826	5542
6826	2203
6826	9150
6826	9013
6826	7352
6826	6558
6826	3130
6826	9851
6826	9352
6826	9565
6826	4563
6826	8262
6826	10595
6826	11296
6826	4650
6826	3788
6826	3953
6826	10800
6826	7189
6826	3285
6826	8479
6826	10171
6826	7089
6826	11097
6826	5764
6826	5648
6826	113
6826	8820
6826	10874
6826	6640
6826	1159
3714	2375
8987	11704
8987	11703
8987	11710
8987	11705
8987	2502
8987	8074
4699	3385
9289	4543
9001	5705
5873	4938
5873	6564
5873	2718
9410	3556
9410	9501
10326	5374
6344	8764
5645	9624
5645	7110
5645	11705
5645	10015
5645	7054
5645	8587
5645	6401
9636	8471
8255	6093
8255	3788
6093	4344
6093	2566
6093	3972
7378	7054
6939	3831
10432	4002
4682	11710
4682	11704
8546	9791
7108	3556
5508	3955
5508	6564
5508	9387
5508	4296
5508	7691
5508	2315
5508	2817
3404	11710
3404	11703
7262	11704
7262	11703
7262	11710
7262	9173
7262	11709
7262	11705
8174	9945
702	10649
701	10649
700	10649
1817	2724
1746	7554
5827	3719
5827	3718
5827	2502
10750	3986
10750	9028
10750	7703
10750	1225
10750	4532
10750	10195
10750	6554
1945	781
1946	781
3228	11710
3228	11703
9629	4653
9629	9194
7732	10118
9893	11703
9893	7018
9893	5284
9893	3953
9893	10118
9893	6564
9893	2036
5670	4409
5670	7841
4392	11704
4392	11709
4392	11703
4392	11710
4392	2502
5951	5345
5951	3118
10506	4216
8026	5667
8026	9449
8026	8787
8268	7403
8268	113
8268	6564
8268	3556
8268	6401
8268	9003
8268	5748
8268	8883
3596	6906
3596	418
3596	8820
3596	5870
4823	2724
5531	4088
5531	5931
6534	8764
7730	3556
4488	10374
6330	11296
6330	3239
6330	3953
6330	7841
6330	5614
5236	3533
9465	780
4310	8262
4310	4862
11538	2294
4598	4216
4598	6203
4598	9323
4598	1302
4598	3467
4598	4401
4598	7198
4598	1682
4865	4011
4865	9333
4865	11247
4865	11436
4865	5992
5082	2547
10125	9854
10382	6564
10382	3556
6042	3788
6042	5988
3288	1564
3288	9791
3288	5992
3288	6564
3288	7912
3288	11704
3288	11709
3288	11703
3288	3294
3288	4938
3288	5949
3288	896
3288	2502
3288	3286
3288	3285
3288	5013
3288	11842
3288	687
3288	1026
3288	10189
3288	5909
3288	7456
3288	11710
3288	11708
3288	3473
8964	8262
9069	11709
10729	9684
10729	6611
10729	11704
10729	11709
10729	11703
10729	11708
10729	11710
10729	11705
10729	3556
10729	2277
10729	9685
10729	9140
10729	9624
10729	8787
10729	5336
10729	4972
7277	9430
10852	9032
10852	5013
180	3271
4062	10008
4965	6295
9842	5879
9842	5491
10066	8489
6943	11704
6943	11703
6943	11710
6943	2311
6943	7054
6943	1917
6943	4199
6943	137
6943	4129
6943	2502
2109	11710
7617	6101
2386	6564
2386	6728
2386	4938
2386	3556
2386	7054
2386	4002
2386	8074
2386	1202
2386	5122
2386	687
2386	9140
2386	3536
2386	113
2387	10346
2387	4567
2387	9585
2387	4068
2387	3865
2387	2718
2387	4066
2387	1917
2387	5879
2387	3610
2387	11703
2387	4938
2387	4409
2387	10415
2387	3556
2387	5122
2387	4002
2387	6564
2387	9049
2387	1202
2387	3010
2387	3313
2387	687
2387	2311
2387	6625
2387	6628
2387	6363
2387	1438
2387	8074
2387	8787
2387	113
2387	6055
8586	5992
4934	9542
4934	5587
4934	10970
4934	6728
4934	6394
4934	7054
4934	5122
4934	7841
4934	2825
4934	2311
4934	3536
4934	113
4934	9901
4934	3734
7420	3543
7420	7403
7420	10997
9895	5673
6057	5354
6057	7653
6057	5992
10015	8471
10015	11712
10015	280
369	387
2342	8193
1296	3953
1296	563
1296	459
1296	7336
1296	1917
8853	9624
8853	11703
8853	11710
8853	9684
8853	6987
8853	8593
8853	2502
4634	11710
2787	5180
6106	459
6106	9222
4597	11704
4597	11703
4597	11710
4597	11705
4597	6987
4597	11709
4597	2502
6251	7516
6251	5382
6251	4941
7784	6325
7784	1176
7784	1438
3377	3384
3377	11976
3377	3387
3379	3390
3379	7841
3379	3382
3382	3390
3382	3788
3382	7951
7018	8787
7018	5284
7018	2311
8277	3734
8591	9624
5374	7003
5374	5729
5374	3953
5374	8270
5371	9654
5371	4335
5371	6768
5371	283
5371	3772
5371	8811
5371	7643
5371	574
5371	7951
5371	843
5371	9945
5371	3475
5371	10837
5371	8789
5371	2338
5371	9113
5371	9131
11035	8754
11035	8764
11035	11704
11035	11703
11035	3556
11035	6987
11035	6380
11035	11710
11035	6401
11035	137
11035	4129
11035	2502
7383	7384
5180	4125
9221	11710
9221	137
7396	9684
7396	6119
7244	9275
10587	11703
8727	11710
8727	3556
8727	11703
3268	3272
3869	3604
5101	9174
5101	4957
5101	2600
10205	2337
10490	4184
3822	2549
3822	6934
3521	3719
3521	4753
3522	3719
3522	3718
6238	3118
4999	7054
4999	3556
5002	3556
5002	3743
9315	8489
9315	5255
9315	5254
5254	7841
680	9049
680	672
681	3556
681	4184
681	670
681	9049
681	672
681	6253
681	8430
682	6564
682	2885
682	1903
682	670
682	7744
682	672
374	9624
374	6184
5116	8262
3942	3743
3963	11710
3963	50
3963	6401
2817	11478
2817	7562
2817	2820
2817	2819
1481	7554
4120	2435
4120	3831
5977	6363
4115	4068
4115	7493
10345	9173
7135	6987
5175	5447
7649	8690
7649	3556
110	10659
110	10207
110	2291
110	7089
110	4395
110	7337
8690	8787
8690	6564
8690	3556
8690	2309
8690	4296
8690	6750
8690	220
8690	9706
8801	11710
8801	11709
8801	2502
1596	9430
8074	11978
8074	9791
8074	6203
8074	6768
8074	5542
8074	3118
8074	6401
8074	5764
8074	9342
8074	1374
8074	11704
8074	11709
8074	6670
8074	11705
8074	10860
8074	1465
8074	7502
8074	10223
8074	1860
8074	5803
8074	11708
8074	3948
8074	5754
8074	11710
8074	2870
8074	6283
8074	7729
8074	7342
8074	8695
8074	1441
8074	1565
4381	11703
4381	11708
4381	11705
4381	10651
4381	5222
11976	11063
11976	4532
11976	1873
11976	8262
11976	4409
11976	3788
11976	10860
11976	459
11976	3286
11976	2277
11976	1055
11976	5688
11976	9959
11976	2532
11976	9851
11976	7560
11976	3497
1542	6940
9477	9624
9477	10608
9477	5587
5754	6394
10712	10118
10588	10537
10169	11710
10169	11704
10169	11703
10169	11701
3734	1678
3734	5
3734	7829
3734	5249
3734	4202
3734	3286
3734	3285
3734	5013
3734	5544
3734	9911
3734	7089
3734	1055
3734	8458
3734	2532
3734	7736
3734	4345
3734	2797
8144	10374
11236	6119
11236	5992
10348	2311
10348	2309
3376	896
3376	6987
8245	8517
8528	8787
8528	11073
8528	7054
8528	6564
8528	2311
8528	6401
8550	1016
7772	4938
7772	8754
7772	2315
3806	3788
3865	6793
3865	9592
3865	10427
3865	7225
332	334
11299	3788
7643	10690
3668	7554
3668	3831
5	4941
8274	4219
8274	8202
8274	2277
8274	6564
8274	9706
1494	5954
2950	7554
2950	8093
2950	3831
9103	5348
1266	6184
1424	1018
1424	6270
1424	5992
6819	10158
6819	5284
6819	3953
5315	10218
9408	6203
9408	586
9408	7212
9408	9851
9408	1016
9408	10272
9408	10860
9408	11230
9408	459
9408	3286
9408	3285
9408	5491
9408	9298
9408	354
9408	5688
9408	8208
9408	9140
9408	2532
9408	10773
9408	10524
9408	8820
9408	6333
9408	10537
7054	583
7054	8350
7054	1678
7054	8735
7054	7198
7054	586
7054	1668
7054	5614
7054	4305
7054	5879
7054	850
7054	2304
7054	11497
7054	2303
7054	7703
7054	3953
7054	5259
7054	10860
7054	11230
7054	3974
7054	7228
7054	5587
7054	8726
7054	354
7054	8249
7054	2305
7054	9140
7054	9959
7054	7415
7054	6640
7054	6035
7054	4085
7054	9851
9353	900
9353	9764
9353	10482
9353	6564
670	384
670	583
671	582
672	1016
672	583
10899	6564
9719	7365
7841	2792
7841	8633
7841	1669
7841	5728
7841	8262
7841	11708
7841	4938
7841	4011
7841	2703
7841	3953
7841	2311
7841	2315
7841	2309
7841	9140
7841	9959
7841	2532
7841	3502
3419	6184
3419	5188
3419	3556
3419	6750
5954	1440
5954	7940
5954	3320
5954	6371
5954	7989
5954	5701
5954	10800
5954	6431
5954	4862
5954	7172
5954	5541
3286	2825
3286	5879
3286	8977
3286	113
3286	9927
3286	2277
3286	9901
3286	1633
3286	11710
3286	6394
3286	3294
3286	6101
3285	5879
3285	6394
3285	3294
3285	113
3285	6564
3285	9927
3285	687
3285	1202
3285	7066
3285	9449
3285	4941
8479	11703
8479	11708
8479	11710
8479	2502
5897	6431
5897	7874
5897	8795
5897	6768
5897	5005
5897	8593
5897	11239
5897	7669
5897	8458
5897	9449
5897	8249
5897	1923
9458	4219
9458	1438
9981	4444
8726	6137
8726	10272
272	9333
6191	4129
7494	5949
2477	11709
6984	201
4189	5541
4189	6554
4189	7305
4189	113
5304	2292
4617	11710
4617	11704
4617	2502
4617	11703
4360	9140
4360	5341
4360	4184
1766	11710
1766	11704
1766	6101
1766	11703
10608	11704
10608	11703
10608	11708
10608	11710
10608	7110
10608	6401
10608	1923
6089	11496
6089	4088
6089	11703
6411	11418
6411	6431
6411	3976
6411	10211
6411	5342
6411	8249
45	8262
45	704
45	7434
45	705
45	1225
45	6395
45	43
10482	5189
10482	3239
10482	8202
10482	1682
10482	3480
10482	4766
7927	6406
7927	6640
8010	6139
8086	3467
8493	4219
8493	9624
8493	4836
2520	6119
7198	5587
7198	6401
7198	1923
7198	9003
7198	3543
7198	5728
7198	11704
7198	11709
7198	11710
7198	1202
7198	5013
7198	2311
7198	9624
7198	10997
7198	113
7198	5222
7198	4129
7198	11705
9956	9173
3543	3539
3543	753
3543	8948
3543	6942
3543	1923
3543	7403
3543	781
10858	9624
10858	11704
10858	11709
10858	11703
10858	11710
10858	2502
8407	11708
8407	11710
8407	6401
8407	11709
8407	2502
8407	3010
7921	6101
7921	3818
10218	6564
10218	4885
10218	3556
10218	4904
10218	6637
10218	334
10218	7066
7703	8685
7703	4323
5216	3467
974	6401
3634	11703
3636	9624
8176	9624
1225	8787
1225	11703
1225	573
1225	11247
1225	4332
1225	43
1225	2547
1225	4941
2162	11710
2162	11704
2162	11703
11712	8587
11712	8696
2819	7554
2819	3831
7336	8787
7336	5021
1441	9173
1441	3556
1440	2547
1255	4650
1255	9624
1255	7499
1255	4620
1255	459
6068	9342
6068	8458
6068	8249
4885	4535
4885	5966
4885	4862
4885	8249
4885	4492
7389	4166
7389	7636
7389	1016
7389	6394
5658	7934
5658	1923
9969	1437
1068	5950
1068	2311
7493	3961
7493	3497
7493	9352
1029	9140
5137	11283
8249	5667
8249	6431
8249	113
8249	3836
8249	5284
8249	3128
8249	5799
8249	5950
8249	6394
8249	222
9449	1302
9449	113
9449	3475
9449	7736
9449	4862
9449	459
9449	3950
9449	7281
9140	7759
9140	9003
9140	5013
9140	10860
9140	11708
9140	9851
9140	11710
9140	11705
9140	10800
9140	9863
9140	1202
9140	4415
9140	7228
9140	2315
9140	2532
9140	9624
9140	8787
9140	113
9140	9329
9140	4938
9140	7736
9140	2372
9140	4296
9140	5761
7591	2913
12006	1016
12006	6394
11418	1016
11418	8709
2848	11710
2848	11704
2847	7554
10694	1678
10694	9091
8044	11710
8044	11709
3334	11705
3334	11703
9827	10136
5281	896
5819	4415
5212	2145
5212	11239
10537	6785
10537	5992
10537	4938
10537	6184
10537	6401
10537	9173
4408	459
1867	3556
1867	11837
1867	3604
4766	6325
4766	11703
4766	6626
4766	11710
4766	5587
4766	8184
4766	6169
4766	11708
4766	4543
8122	5280
4399	3788
6415	6523
6415	3317
4604	11710
4604	9624
4604	6987
4604	2502
9794	9430
8358	3604
8358	5222
1977	3191
6203	11704
6203	8787
6203	11703
6203	11708
6203	11710
6203	6564
6203	2309
6203	4219
6203	6401
6203	4129
6203	5013
298	1720
298	301
2143	8517
2143	9122
2302	2311
2302	2277
2301	2311
2301	2309
3281	7554
3281	3831
2305	2311
2305	2309
6532	9137
5748	2451
2316	2920
2317	11704
2317	11709
2317	11703
2317	11710
10644	11710
10644	11704
5728	9851
5728	6768
5728	113
5728	10860
5728	9945
5728	9003
2304	8787
2304	2311
2304	2309
2304	6035
2304	2277
11497	2311
11497	2309
11497	2277
11497	8787
2303	5284
2303	2311
2303	2309
2303	2277
2303	8787
2303	3831
9231	2291
5575	4306
5575	5992
5575	9306
5575	113
5575	9927
5575	6728
5575	10296
5575	10425
5575	7669
5575	10415
5575	4543
5575	1202
5575	7229
6333	4305
6333	5992
6333	9306
6333	7490
6333	2714
6333	10415
6333	3556
6333	9927
6333	11247
6333	9173
6333	5491
6333	10296
6333	10118
6333	4219
4409	4415
4409	7173
4409	5992
4409	9032
4409	573
4409	10632
4409	9863
4409	10274
4409	8946
4409	7667
4409	2315
4409	1917
4409	1438
4409	780
842	2920
843	653
9945	10659
9945	5667
9945	4415
9945	113
9945	1016
9945	2338
9945	10274
9945	7305
9945	6301
9945	8489
9945	901
9945	6394
5502	7871
3738	9764
3475	10374
3475	4184
3475	113
3559	3556
6909	10671
9448	276
5013	6564
5013	5066
5013	6401
5013	8262
5013	10860
5013	6035
5013	3953
5013	10800
5013	459
5013	10223
5013	563
5013	2532
5013	113
5013	9851
413	8262
413	9758
11194	896
11194	5146
11194	3556
9764	4900
9764	10242
9764	7395
9764	3118
9764	9417
9764	5500
9764	2726
6738	7554
4857	5673
4857	3556
4797	6101
10374	7026
10374	4415
10374	8787
10374	1849
10374	4403
10374	4401
10374	6085
10374	7916
10374	7849
10374	1437
10374	9430
10374	6394
10374	9822
10339	553
9387	553
9387	113
9387	220
9387	1055
9387	3083
220	8570
220	553
220	7661
220	8262
563	5949
563	10189
563	6401
563	9501
5803	11704
5803	11709
5803	11703
5803	11708
5803	11710
5803	5949
5803	9989
5803	9791
6318	6184
4880	6101
7456	5688
10997	3539
10997	753
10997	10225
10997	6942
10997	1923
10997	7403
10997	7934
10997	781
8299	9173
6454	9459
6454	3788
6454	9049
5829	5673
6652	10265
6652	3788
6652	10890
6652	354
2984	676
8822	11705
8822	11708
7669	10273
7669	3118
7669	4862
7669	10324
7669	7281
10565	1921
2498	9511
2498	8787
2498	2714
2498	7554
2498	2277
2497	9851
2497	11247
2497	2493
2099	9624
10784	137
11978	11704
11978	11709
11978	2500
11978	11710
11978	5949
11978	2920
11978	6119
9791	5542
9791	6670
9791	6052
9791	11704
9791	11709
9791	11708
9791	11710
9791	2989
9791	5949
9791	8539
9791	2500
9791	2920
9791	6119
9791	4563
9791	11705
7759	7527
6518	6137
6518	7252
6518	1239
7978	9565
7978	11039
9620	2311
11245	9032
4517	11710
4517	11709
128	6101
2142	6394
2141	6987
10142	3701
10142	6554
10142	2277
10142	11247
6544	11710
6544	11703
1833	1837
7376	9706
2557	2291
2557	2709
6626	2732
1061	10063
1061	9959
5775	7414
5775	8787
4614	6119
4614	9624
6137	8262
6137	3986
6137	7194
6137	9271
6137	9063
11850	1656
8196	6926
8196	2566
1201	4415
1201	4011
1201	9863
10724	11710
1202	418
1202	5541
1202	3788
1202	9927
1202	10860
1202	11230
1202	3205
1202	459
1202	2277
1202	5688
1202	9959
1202	2532
1202	8820
1202	9851
1202	2762
1202	6002
1202	4610
1202	9909
3472	3471
2451	4129
3992	3831
11071	9624
11450	3556
10274	1016
10274	5447
10274	1923
10274	2502
10274	6394
10274	9316
2299	2315
2299	2309
9150	7403
1055	2825
1055	9624
1055	5992
1055	11710
1055	113
1055	4567
1055	11709
3604	9321
3604	4403
3604	6080
3604	4405
3604	4401
3604	7916
3604	7728
3604	10208
6420	4219
2796	2767
7805	1438
8929	137
3606	3788
8536	3498
8536	7554
8536	3497
8536	10736
8536	8787
1127	6101
4344	3795
4344	3788
4344	4345
4344	3497
4344	3096
9851	6325
9851	5992
9851	5587
9851	6401
9851	11704
9851	11703
9851	11710
9851	6728
9851	4902
9851	2502
9851	6611
9851	9624
9851	8787
9851	8530
9851	4543
9851	9706
9851	4972
9947	5491
5615	3556
4345	6493
4345	10632
4345	9430
4345	4532
4345	5249
4414	4153
4414	9343
4414	11553
9352	6119
9352	9296
7527	5627
7527	4109
7527	10800
10433	2292
1504	4862
8754	9323
8754	8969
8754	8820
8754	10860
8754	8202
8754	7212
8754	3619
2677	7726
7667	7554
7667	5403
6084	1176
6084	6401
8613	8596
8613	7480
2391	5122
5123	2502
5123	6394
8127	4066
8127	3556
4068	430
4068	411
2421	6523
10195	1438
5594	11710
5021	7520
5021	7951
5021	4933
5021	7839
5021	459
5021	4002
5021	7066
5021	8657
5021	5866
5021	8166
5021	6394
6394	7804
6394	3976
6394	5447
6394	3974
6394	10223
6394	6243
6394	3118
6394	9316
6394	2877
6394	6546
6394	901
6394	2496
6394	8262
6394	2714
6394	2291
6394	7305
6394	8059
6394	2767
6394	9779
6394	7564
6394	5772
6394	3083
6394	10659
6394	5542
6394	377
6394	5058
6394	4165
6394	2920
6394	10837
6394	9524
6394	4291
6394	7979
6394	6938
6394	7070
6394	8384
6394	979
6394	7850
6394	8125
6394	9718
6394	4261
6394	9013
6394	113
6394	6301
6394	9939
6394	11330
6394	9131
6394	11069
6394	5335
6394	5667
6394	4941
6394	586
9548	9832
5705	4165
6700	2709
4690	4219
3788	1973
3788	5992
3788	9032
3788	8604
3788	7653
3788	5587
3788	7081
3788	1917
3788	6401
3788	3818
3788	5541
3788	9063
3788	11478
3788	642
3788	4543
3788	11703
3788	9619
3788	11710
3788	9832
3788	10415
3788	3556
3788	7276
3788	6121
3788	4219
3788	1501
3788	7688
3788	654
3788	5188
3788	899
3788	8430
3788	5879
3788	1502
3788	4199
3788	3715
3788	10054
3788	7996
3788	10632
3788	6628
3788	9297
3788	1986
3788	8218
3788	780
3788	781
3788	8787
3788	113
3788	8657
3788	10272
3788	8469
3788	9293
3788	3944
3788	6523
3788	7386
3788	5222
3788	7158
3788	4972
3788	10083
2319	2311
7372	3836
10800	4478
10800	2714
10800	9684
10800	4836
10800	8787
7562	6184
7562	900
7562	6523
8089	137
11591	6325
7189	137
3824	3831
10837	5542
10837	9013
10837	2920
10837	8489
10837	4960
10837	11553
10837	2502
1763	1765
3320	3843
3320	11436
3320	9927
5544	5992
3476	10107
49	51
49	7979
49	9472
49	2888
8184	6002
8184	9909
7453	4530
9170	7554
8986	2484
8596	3556
8596	7019
4070	4184
5548	4219
5094	4199
9224	5866
5058	1438
10874	9684
11239	3556
8832	6520
8832	5587
8832	5284
8832	8366
7481	6184
1118	4011
3496	1438
9654	5667
9654	8489
9654	11708
11986	2502
9684	4624
9684	11526
9684	418
9684	5249
9684	2277
9684	3130
9684	6035
9684	10860
9684	1159
9684	5434
3974	9927
3974	1016
3974	7172
7019	5122
7019	7270
7019	3118
7019	8539
7019	4532
3972	3539
3972	10404
3972	753
3972	2975
3972	2974
3972	7403
3972	3399
3972	5447
3972	1923
3972	6550
2846	6009
3982	10425
3982	1438
6008	6009
6009	9430
4075	7554
4075	3831
2668	11704
2668	11703
2668	626
2668	11710
2668	11708
2668	11709
8590	11710
8590	6401
4421	11710
4421	11703
6853	5667
6728	6768
6728	5688
6728	280
6728	3385
1873	11708
11063	9624
11063	8764
6880	5949
3273	4219
3294	5673
3294	11710
3294	573
3829	7554
2989	11709
2989	11703
2989	6119
2989	11710
2989	4960
5186	1438
11381	9578
11381	11436
11381	9832
11381	5284
11202	1438
6121	2289
6121	2294
4389	1438
4389	1923
459	5992
459	5587
459	6401
459	2547
459	11703
459	11708
459	11710
459	10415
459	9927
459	9173
459	10223
459	5491
459	10052
459	8787
459	9624
459	3955
459	113
459	4543
459	9706
4492	4862
4492	6101
4415	6257
4415	4011
4415	10632
4415	6741
4415	3999
4415	4219
4415	8946
4415	9173
4415	7066
4415	1917
4415	5284
9081	5066
9081	6559
9081	4087
9081	6781
9081	4089
9081	4088
9081	5931
1638	11710
1638	11704
1638	11709
1638	11703
3313	5629
5870	7173
3961	9028
9333	10860
9333	6184
9333	10158
9333	2686
5491	2532
5491	2338
5491	8108
5491	5354
5491	2345
5491	7560
5491	4532
5491	3111
5491	9049
5491	10324
5491	5080
5491	8458
9665	8262
8384	1016
7845	9624
4622	137
4622	9003
4622	11703
4622	5434
4622	5222
8411	11710
9959	8787
9959	113
9959	4938
9959	6564
9959	6987
9959	2277
9959	2311
9959	6401
9959	9624
9624	4202
9624	1720
9624	6262
9624	7499
9624	3978
9624	10404
9624	4745
9624	1306
9624	3953
9624	10860
9624	7610
9624	11230
9624	10324
9624	6092
9624	4646
9624	10171
9624	4759
9624	9298
9624	354
9624	6139
9624	5688
9624	4174
9624	2532
9624	7311
9624	11091
9624	4109
9624	5394
7822	3556
8657	9049
8657	3556
8657	1076
10136	5587
10136	2311
10136	2309
10136	4129
677	384
676	8787
676	583
676	582
676	6564
676	384
4403	2547
4401	6401
4401	7001
4401	2547
7173	9430
7560	4543
6327	7110
6327	4395
6327	4543
6327	780
6327	10570
7729	6325
7729	6564
7729	3556
7729	8787
8202	4938
8202	5587
8202	7079
9854	4219
4129	2532
4129	2291
4129	11553
4129	6342
9459	4960
7026	4088
7026	5384
10736	896
7653	10158
7653	6035
7653	9832
7653	10265
7653	1986
7653	5866
9795	2920
411	5966
4472	9032
433	9194
433	434
7651	5606
5997	5606
10038	10189
5606	6564
2714	11710
2714	3572
2714	113
2714	9323
2714	2767
2714	3118
2714	11709
2714	3083
2714	2502
3743	1948
3743	9013
3743	10063
3743	3556
3743	5919
3743	5258
3743	551
6649	7554
3556	51
3556	6321
3556	1076
3556	647
3556	7146
3556	7541
3556	7893
3556	7270
3556	10338
3556	5541
3556	1288
3556	10860
3556	11593
3556	1437
3556	7989
3556	9619
3556	1866
3556	830
3556	1879
3556	7612
3556	7948
3556	7276
3556	1120
3556	11336
3556	2767
3556	1465
3556	3205
3556	1240
3556	408
3556	3143
3556	8430
3556	6601
3556	2338
3556	7522
3556	6942
3556	9343
3556	4916
3556	4862
3556	4960
3556	5790
3556	6044
3556	9013
3556	8983
3556	3191
3556	113
3556	158
3556	8976
3556	9903
3556	7684
3556	8941
3556	9122
3556	6873
3556	10220
7276	5966
7276	8787
137	10223
137	3239
137	6302
137	391
137	11383
137	4291
3726	3731
3724	3731
3724	9430
9491	6101
10223	8262
10223	4073
10223	6565
10223	5949
10223	1903
10223	896
10223	1682
10223	9343
10223	222
8789	8489
2500	11704
2500	11709
2500	11703
2500	11708
2500	11710
2338	8604
2338	5949
2338	11247
9500	6670
6301	5667
6301	1016
6301	4002
6301	2502
9472	50
7070	11704
7070	11709
7070	11710
7070	2502
8257	5673
3541	4219
835	7554
3539	1923
3539	7403
5156	111
4881	4452
1793	1798
3948	2920
9903	6519
7064	10773
7736	8787
7736	4938
7736	4184
7736	6926
7736	3955
1113	9767
5339	10183
5497	4305
6101	4140
6101	10098
6101	6469
6101	11501
6101	8735
6101	4736
6101	3253
6101	932
6101	7341
6101	11383
6101	7563
6101	1554
6101	6025
6101	8527
6101	8595
6101	11349
6101	9870
9296	9173
1185	11703
1185	11701
905	901
903	901
10829	9032
1184	4223
1184	4222
1184	11703
494	896
494	4176
494	7744
6184	11662
6184	2888
4887	9553
487	4219
6670	5673
6670	11704
6670	11709
6670	11703
6670	11710
6670	6119
6670	11705
6670	5949
6670	4184
6670	2502
7403	781
7403	753
7403	1923
749	11710
749	11704
749	11709
749	11703
6610	6564
6546	2502
7212	11703
2548	8262
4295	4304
1016	8262
1016	6446
1016	2483
1016	10255
1016	7305
1016	5893
1016	8059
1016	3118
1016	5394
1016	5667
1016	2877
1016	6967
1016	4941
5695	7554
6852	9052
6302	5949
6302	2502
5919	9907
8606	1437
4225	9003
9173	1490
9173	8934
9173	10552
9173	6401
9173	9003
9173	2547
9173	8341
9173	2291
9173	7066
9173	8548
9173	6119
9173	2277
9173	4174
9173	780
9173	8787
9173	7795
9173	485
9173	5914
1968	11704
1968	11709
1968	11708
1968	11710
1968	11705
1968	11703
9256	2631
5146	10415
11999	7554
11999	3831
5958	11710
5701	6085
2277	5542
2277	4563
2277	6120
2277	6401
2277	5879
2277	5249
2277	9832
2277	3953
2277	4002
2277	2771
2277	2311
2277	4624
2277	1320
2277	2315
2277	1986
2277	2532
2277	8787
2277	9329
2277	113
2277	8820
2277	3502
2277	5080
619	11704
916	1438
916	3831
3298	4141
9279	5879
43	8262
43	6395
43	704
43	705
11667	11710
11667	11704
198	2518
9013	11704
9013	11709
9013	11703
9013	11710
9013	6987
9013	6401
9013	2502
8983	8489
8983	9927
8983	4199
10184	1176
10184	11704
10184	11709
10184	11703
10184	11708
10184	11710
10184	6987
7671	10171
7895	9049
10617	1438
8513	6554
8513	11704
4125	7684
4125	4089
5049	546
5049	8787
5049	10660
6264	5902
6264	113
6264	5992
6264	7744
6264	6564
6264	222
11091	6987
11091	11703
4395	1923
4395	780
4395	6550
6550	1018
6550	113
9201	10860
9201	243
4620	8471
4620	11703
4620	11710
4620	6253
4620	6401
8950	11709
4109	6926
4109	11703
10466	1437
11434	11710
1076	8262
1076	1240
1076	3443
457	5302
5302	5222
6930	11710
6930	11709
6080	10208
6080	2547
4405	5667
4405	6401
4405	2547
4567	8471
4567	11289
4567	6401
4568	11710
4568	11703
4563	11704
4563	11709
4563	11703
4563	11708
4563	11710
4563	6987
4566	11710
10338	5879
10338	7501
2724	11847
6272	8430
2496	11703
8262	1984
8262	1973
8262	296
8262	9032
8262	8604
8262	10970
8262	7744
8262	8059
8262	642
8262	11703
8262	11708
8262	11336
8262	4860
8262	10035
8262	4918
8262	3344
8262	10632
8262	6637
8262	1501
8262	537
8262	8787
8262	1331
8262	8489
8262	899
8262	9048
8262	3473
4650	8471
4650	9048
4649	6987
4649	2502
5949	1687
5949	6401
5949	2566
5949	7989
5949	11704
5949	11709
5949	11710
5949	11705
5949	5948
5949	10860
5949	6283
5949	2502
5949	5542
5949	2920
5949	243
5949	4862
5949	4960
5949	10570
5949	11708
5949	4988
5948	5542
5948	11704
5948	11709
5948	11703
5948	11708
5948	11710
5948	2920
5948	11705
5948	2502
5948	10570
8469	5541
9371	7554
2681	2309
9744	11703
10299	8764
7733	8764
7401	2536
10035	11553
10035	948
4451	4716
4166	3191
11037	11710
11037	11705
11037	2502
11037	11708
11037	11703
6793	9430
10171	11704
10171	11709
10171	11703
10171	11708
10171	11710
10171	11705
10171	6987
10171	2502
4900	4938
4900	11709
9270	8764
5134	5673
5134	6554
4489	8764
7089	10415
7089	6628
7089	6363
7089	6637
7089	7414
7089	5909
7089	4543
7089	9048
7089	5962
7089	10272
460	10189
9288	7554
9288	8787
4089	4088
4088	4850
4088	4087
4088	5931
4088	4111
4088	5383
4088	4112
4088	5011
5764	11704
5764	11709
5764	11703
5764	11708
5764	11710
5764	11705
5764	6253
5673	8977
5673	1794
5673	7384
5673	7229
9511	8709
3955	6431
3955	5394
8351	9789
1771	1772
1187	11705
1187	11708
1187	780
5102	5342
1144	7833
2762	7833
2762	4960
2036	7996
6640	5992
10558	7554
10558	3831
4536	5648
4305	2789
2473	7423
6257	8946
1903	11705
1903	11708
280	6234
4111	5384
4112	5384
5011	5384
5879	3118
5879	1923
5879	5950
5879	8795
5879	10415
5879	896
5879	5284
5879	2309
5879	5966
5879	4862
5879	10158
5879	5005
5879	113
5879	2311
5879	1159
5879	5848
8561	11710
8561	11709
948	5284
948	7172
948	7554
7661	6119
4011	50
4011	9927
4011	6926
4011	5541
4011	8159
3214	804
7948	4938
11336	9049
729	7839
729	4862
2242	7989
9304	3467
2272	8280
2272	11230
8539	11710
8539	11704
8539	11709
8539	11436
6414	6253
6414	1463
7228	5992
5592	4219
6625	6363
6625	5837
6625	5587
6625	3191
6625	6628
247	1923
243	5902
243	11710
243	6565
243	6401
243	6564
243	11703
5790	3467
11083	10189
3844	6781
3536	3118
10208	6125
10208	9321
10470	6987
3532	5258
3532	4916
4587	11710
4587	2502
4440	3719
4440	2502
5354	5541
5354	3118
5354	2566
8946	8159
9706	1837
11837	10389
1122	11704
1122	11709
1122	11710
1122	11705
1122	6987
1122	1923
1122	2502
1837	11710
1837	11704
1837	11703
4463	3052
1948	11704
1948	6401
6274	6753
11148	2502
3183	10923
3183	2764
3183	6753
3183	1081
647	10923
6753	8604
6753	2764
6753	9430
6753	1081
1081	10970
1081	10563
8604	8333
2764	9430
9194	5296
9194	434
4601	11703
2518	7541
8989	3517
2227	1437
7916	5667
7916	6401
7916	7001
5541	11478
5541	780
5541	5394
6803	4219
9063	7554
9063	1390
1288	9049
10103	4219
7530	5667
9028	6781
9832	10158
9832	1159
8059	5667
8059	6406
8059	5811
8708	6060
5519	10160
5486	6401
7435	4991
3083	4219
3083	8489
3083	7744
3083	5342
2502	4511
2502	6262
2502	3118
2502	6
2502	1669
2502	4475
2502	10659
2502	10595
2502	1655
2502	2291
2502	11247
2502	10860
2502	5542
2502	4302
2502	6942
2502	3460
2502	4759
2502	1232
2502	8659
2502	5688
2502	4174
2502	2019
2502	4242
2502	7111
2502	377
2502	942
2502	5434
2502	1565
4176	113
7068	5909
2231	531
3837	3836
7172	3976
1437	8554
1437	616
1437	2862
1437	4938
1437	10860
1438	1490
1438	9833
1438	4736
1438	7580
1438	10860
1438	9779
1438	8067
1438	9430
1438	5335
1438	170
1438	11446
1438	5394
1438	1565
1501	1502
7615	9912
3704	11710
3704	6987
3704	11709
3704	11703
8772	6170
3502	6564
3502	2311
3502	4528
3502	5992
6072	6055
5394	9048
5394	4219
5394	1018
3237	7554
3237	3831
3237	7782
8977	2311
6768	5909
6768	113
7157	6119
3118	2825
3118	8471
3118	11704
3118	10702
3118	11703
3118	5992
3118	11710
3118	6564
3118	11705
3118	573
3118	11247
3118	10970
3118	4543
3118	10570
6401	9323
6401	6933
6401	9003
6401	2547
6401	5772
6401	10595
6401	10860
6401	5688
6401	4174
6401	2532
6401	8787
6401	7311
6401	11330
6401	8820
6401	2361
4532	9049
2547	3306
10132	8787
5950	2345
5950	5667
5950	5494
10890	4219
10890	9306
10890	4199
1374	11709
6074	11703
10942	11710
9049	2914
9049	4960
9049	4991
1465	9032
7501	3976
545	8489
9598	6785
9598	4941
553	222
10632	11351
6119	4428
6119	11709
6119	11708
6119	5992
6119	11710
6119	11705
6119	9759
6119	3053
6119	4073
6119	11704
6253	3390
6253	3239
6253	1018
6253	408
537	7541
158	4836
7395	4184
932	11703
5494	7554
5494	5284
5494	10272
6523	780
7229	9032
9696	2666
10797	11704
10797	11709
10797	11703
10797	11708
10797	11710
10797	11705
7498	9032
9271	6781
7001	6032
4397	7554
4397	5667
4397	7414
9306	10860
9306	7076
6611	10860
6611	3111
1835	11710
1835	11704
8811	8489
6	4941
7425	6564
2566	896
2566	7554
2566	11709
2566	4184
7423	2293
7423	2292
11296	6325
11296	11704
11296	11703
11296	5587
7612	4184
11247	11710
11247	11704
11247	11703
11247	1159
2932	11709
1390	3831
7564	5648
7564	7554
7564	5542
7564	4960
7564	8093
7564	3831
11553	11704
11553	8787
11553	11703
11553	4938
11553	11710
11553	11709
3831	4230
3831	2613
3831	7310
3831	3941
3831	666
3831	4232
3831	7692
3831	4479
3831	831
3831	7937
3831	6783
3831	3787
3831	4443
3831	1794
3467	2348
9106	4862
8288	4941
705	6395
705	704
10271	11710
354	2311
354	2309
354	6035
354	4543
1655	11709
1543	6781
5656	6554
3053	6564
3053	5909
10811	6987
1159	4902
8764	2697
8764	1490
8764	1841
8764	9783
8764	11298
6431	1919
4073	7480
10225	1176
10225	1923
10225	780
7541	896
7541	6564
7541	4184
7541	113
5587	9323
5587	2771
5587	8489
5587	5627
6296	10189
10970	5244
10970	2311
3689	4138
4291	2311
4291	2309
9003	6270
9003	8787
9003	9368
9003	11710
9003	7110
9003	8593
9003	9430
9003	6873
9003	11703
276	3005
276	5244
5064	222
7989	5667
7989	573
4938	9323
4938	5688
7554	3100
7554	5665
7554	10500
7554	4412
7554	10671
7554	1913
7554	7731
7554	1871
7554	6772
7554	5674
7554	6827
7554	1795
7554	2726
9146	5416
9462	11703
10859	11703
10860	11704
10860	8787
10860	11703
10860	11708
10860	5992
10860	11710
10860	11705
10860	2311
10860	5966
10860	11709
10860	6873
4199	4975
4199	1234
4199	8333
4215	6781
3111	1434
3111	2807
3111	10570
8430	1018
8430	4184
51	47
50	7394
50	7979
5667	6446
5667	4720
5667	5284
5667	10671
5667	1866
5667	7414
5667	3703
5667	6967
5667	2877
5667	5866
47	7979
10054	780
5725	5250
3443	11710
3443	11709
10158	6035
10158	2309
4960	11704
4960	11709
4960	11703
4960	11708
4960	113
4960	11710
4960	6564
4960	4184
4960	896
4960	6637
4960	4296
4174	6234
4174	11710
4174	8787
8948	11704
2532	8787
2532	113
2532	4836
2532	6035
2532	4543
2532	8883
11492	8040
11492	9321
10773	5631
8489	6967
8489	6519
8489	6988
8489	6982
8489	574
8489	830
8489	4941
6427	1996
6265	2531
4424	11710
7194	6781
3600	4184
8478	11710
4076	3010
1565	11710
1565	11704
1564	8490
1564	6283
1564	11708
1564	10570
9323	11704
9323	8787
9323	11703
9323	11708
9323	5992
9323	11710
9323	113
9323	4543
9323	11709
4184	2044
4184	10570
7744	11478
7744	8458
7744	3976
2667	6325
4006	4941
10415	8334
10415	5284
10415	3953
10415	10296
10415	3115
10415	8490
2903	11710
6165	11703
8025	8024
4848	11709
4848	11703
1502	2709
1502	2292
5902	11710
2311	850
2311	2771
2311	5249
2311	5284
2311	113
2311	5542
2311	3953
2311	3115
2311	7996
2311	3306
2311	5614
2311	9339
2309	8976
2309	5614
2309	113
3006	9927
3006	4941
9298	11703
9298	5992
3007	123
2315	6564
1232	7380
8659	11710
8659	11705
8659	11704
8659	11703
8659	11708
222	1306
222	554
222	3572
3187	4332
8787	5627
8787	7414
8787	2291
8787	2703
8787	3953
8787	4905
8787	8976
8787	8458
8787	7996
8787	6519
8787	5691
8787	4611
8787	3497
7415	11710
7415	4219
7415	11703
7606	2293
6987	4202
6987	8350
6987	9845
6987	3174
6987	3324
6987	331
6987	6092
6987	5688
5893	11710
5893	9316
4763	8458
4763	113
9222	10118
9122	113
7928	5416
10576	11710
2483	113
7081	9430
5087	6781
7630	577
7197	9547
8549	6564
3390	7874
850	4941
3387	4219
3387	3378
9501	6085
9501	113
9501	6405
9501	4862
9501	780
2709	378
5447	1923
4836	5761
5542	11704
5542	11709
5542	11703
5542	11708
5542	11710
5542	4716
5542	1490
5542	830
5542	11705
147	11710
147	11704
147	11709
147	11703
147	11708
2203	6325
2203	11704
2203	11709
8777	6781
8777	3986
5284	7826
5284	10242
5284	6035
5284	6827
5284	5973
5284	11906
2345	4862
10255	6967
4862	8795
4862	1174
4862	5188
4862	5005
10841	11710
10841	11709
10841	11703
6044	4428
6642	11705
8883	9430
8883	5866
8883	5691
8883	780
11615	6781
11615	5988
9845	780
6975	4219
5792	8709
3129	6873
7795	11710
5335	896
942	11710
942	11709
5434	11710
5434	1176
5434	11705
5434	11704
5434	11708
10083	4219
10083	4543
10083	5909
10083	113
5861	780
5861	781
11133	11703
11030	11703
11030	11708
586	11703
4478	3239
4478	3306
7924	7131
6937	2615
3431	6637
8653	6781
5039	6781
3986	6781
3986	10272
3986	5988
5654	7380
3953	11704
3205	7162
3205	9927
3205	4543
5988	3430
4916	4296
5688	642
5688	11704
5688	11709
5688	11703
5688	11708
5688	113
5688	11710
5688	11705
5688	2292
779	11703
779	3010
780	7110
780	4760
780	781
781	11710
8830	11710
8830	2289
8830	11704
8830	11709
8830	11703
753	1923
113	11704
113	11709
113	11703
113	6752
113	11710
113	6564
113	3976
113	9789
113	896
113	6283
113	4002
113	1919
113	4941
113	8976
4530	2370
8820	5992
8820	4219
8820	4002
8820	4543
6926	9450
7710	4219
346	2615
9032	11906
7532	894
7532	7531
9342	11709
5249	2771
8313	2292
1863	11710
1863	11709
1863	11703
1863	11708
4002	896
409	388
6554	11704
6554	11703
1176	8744
1176	1277
1176	930
1176	931
1176	11230
7076	5992
7076	9927
7076	5222
7946	10425
5909	377
5909	10601
8976	7384
7808	4653
11289	8471
1841	11704
9901	8471
2971	6781
4941	9339
5118	11710
7110	11704
7110	11709
3345	3343
3345	3344
2877	896
9119	11710
9119	11709
5772	11704
6269	11708
2293	5403
2293	1917
2292	5258
2292	1917
2291	1917
2289	4138
10346	7820
896	1240
11122	8709
6531	11710
6531	11703
4624	11703
9600	6781
6967	1919
6967	9316
8709	1973
3430	10272
4097	7386
9131	11710
10284	11710
9035	6781
10440	11710
10440	11709
5973	6564
6325	5189
7537	6781
6085	10702
1973	6933
6262	11710
6262	11703
8971	1923
11556	11705
11556	11704
11556	9430
11556	11703
11556	11701
7414	4202
1211	11710
4988	11704
4988	11709
4988	11703
4988	11708
4988	11710
4988	2920
4988	11705
4296	11307
7820	11710
9339	5992
9430	9927
6942	11710
6942	11705
6942	11709
6942	11703
8458	6564
11446	4219
152	2059
152	154
2144	2145
4219	9263
9048	11478
9263	11710
7520	10118
6933	5992
8471	11710
8471	8587
10595	11705
10595	11704
11704	11703
11704	11710
11704	2920
11704	11330
11704	7133
11704	4511
11704	11709
11709	11703
11709	11710
11709	2920
11709	7133
11709	6489
11709	9343
11709	4571
11709	5258
11709	6873
11709	830
11709	3010
11703	11708
11703	11710
11703	11330
11703	7133
11703	3460
11703	5150
11703	4571
11703	1986
11703	4511
11703	6873
11703	830
11708	11078
11708	11710
11708	2920
11708	11330
11708	3460
11708	4571
11708	6873
11701	4571
11710	6873
11710	11078
11710	2920
11710	11330
11710	7133
11710	3460
11710	5150
11710	6489
11710	4571
11710	1986
11710	830
11710	11705
11710	3010
11705	11330
11705	2920
11705	3460
2347	2348
9927	4905
7934	1923
2983	6637
6873	10272
3836	5258
9114	6781
3115	6564
1984	5936
5992	5258
5992	3981
6564	1919
5038	6781
2718	1919
5799	11906
900	899
3344	3343
